Starting positions are: 

-2.31512, 1.60602, -0.259809, 0, 0.379915, 0, 
-0.731978, 0.121997, 2.07952, 0, 0.305186, 0, 
-2.72161, -0.518451, 1.17353, 0, 0.388346, 0, 
-0.527792, 1.26412, 2.57812, 0, 0.41433, 0, 
1.61107, 3.08528, -0.846102, 0, 0.337056, 0, 
0.827085, 2.41719, -1.42811, 0, 0.365462, 0, 
-2.0954, -0.0847138, 2.49855, 0, 0.436381, 0, 
3.05766, -0.0378456, -1.46936, 0, 0.31361, 0, 
2.60009, 0.186908, -0.223393, 0, 0.441147, 0, 
-3.04189, 1.1841, 2.31376, 0, 0.394432, 0, 
-1.21692, -0.936099, 0.0834011, 0, 0.388667, 0, 
0.234388, -0.201581, -1.33698, 0, 0.326749, 0, 
-0.0095497, 2.86112, 1.56007, 0, 0.383188, 0, 
1.34906, -2.32209, -2.56988, 0, 0.341188, 0, 
-1.63419, -2.00499, -1.14643, 0, 0.433049, 0, 
-0.00162714, -2.21462, 0.54781, 0, 0.426836, 0, 
-0.573236, -2.25051, 0.40777, 0, 0.337819, 0, 
-1.13569, 0.812222, -2.34544, 0, 0.397688, 0, 
-1.86453, -2.96331, 2.52379, 0, 0.363975, 0, 
-2.56245, -2.12247, -2.69509, 0, 0.354801, 0, 
-0.299707, 1.94116, 2.71229, 0, 0.397747, 0, 
-0.180564, 0.0374219, 0.630792, 0, 0.422634, 0, 
2.04013, 1.1874, 1.2705, 0, 0.448072, 0, 
-2.4917, -0.540175, 0.482025, 0, 0.431485, 0, 
1.2977, 1.51875, -3.02163, 0, 0.432905, 0, 
1.05356, 1.14385, -1.88775, 0, 0.437495, 0, 
3.07476, -1.78737, -0.339145, 0, 0.34736, 0, 
-0.847237, -1.81258, 3.13604, 0, 0.323041, 0, 
1.42839, -1.13614, -0.516957, 0, 0.402374, 0, 
-2.54753, -2.62802, 1.65879, 0, 0.394436, 0, 
2.81201, -0.69207, -1.45007, 0, 0.403825, 0, 
-1.92286, -3.07049, -1.93633, 0, 0.447485, 0, 
-2.03022, 2.06311, -2.15054, 0, 0.448191, 0, 
1.23155, 1.85209, 1.23303, 0, 0.412941, 0, 
-1.13865, 1.2556, -2.40371, 0, 0.414386, 0, 
-2.24281, -2.12568, -0.0922046, 0, 0.429034, 0, 
0.179374, -1.18916, 0.553669, 0, 0.377713, 0, 
-0.151448, -0.704777, -1.38674, 0, 0.311739, 0, 
1.43639, 1.38713, 2.79446, 0, 0.369105, 0, 
-0.616802, 0.663754, 3.05679, 0, 0.322559, 0, 
-3.04766, -1.41868, 0.898363, 0, 0.38192, 0, 
1.21909, -0.278021, 1.99241, 0, 0.303313, 0, 
1.58154, 3.08839, 1.22949, 0, 0.341927, 0, 
-2.11692, 2.53402, 1.77809, 0, 0.412002, 0, 
0.276603, -0.692838, -1.78552, 0, 0.357865, 0, 
1.98506, -0.804815, 1.16931, 0, 0.346525, 0, 
-2.79427, -2.69778, -2.13456, 0, 0.408565, 0, 
-0.336216, -2.19716, -1.34496, 0, 0.425052, 0, 
3.05918, 0.266364, -3.13118, 0, 0.428429, 0, 
1.12678, 0.227871, -2.91799, 0, 0.318376, 0, 
 
Starting velocities are: 
-8.43122, -13.5887, 5.36594, 1.07578, 0, 2.60816, 
-13.3962, 0.891006, 5.13448, -2.95381, 0, -0.699506, 
12.9131, 10.385, 0.807863, -2.44821, 0, 0.923514, 
-7.12641, -13.5761, 7.08246, -1.03059, 0, 0.795831, 
14.4765, 6.67981, 7.60068, 0.909111, 0, -2.56388, 
7.99484, -0.668047, -7.86677, -1.35056, 0, -0.84441, 
-13.1831, 12.1396, 0.135687, 0.0977518, 0, -1.0858, 
13.4329, -12.7875, 0.0212128, -0.695147, 0, -1.33751, 
-13.4975, 7.84543, 8.10614, 1.9669, 0, -2.24781, 
7.08674, 6.76236, 14.9837, 2.33143, 0, -1.60083, 
10.3794, -2.63758, 10.2453, -1.3841, 0, -0.507632, 
-10.3884, 2.14964, 9.07217, -2.80168, 0, 0.206699, 
11.7221, 3.74548, 10.2612, -2.04139, 0, -1.72349, 
-14.91, -2.5712, -14.1937, 1.25892, 0, 2.62738, 
4.56176, -10.4899, 5.44039, -0.685112, 0, -0.673648, 
2.70326, 13.6623, 1.68438, -2.11109, 0, 2.89983, 
-0.344564, -1.07908, 13.8329, -2.24382, 0, -1.80146, 
3.64902, 9.09219, -7.56475, -0.141409, 0, -0.664115, 
-10.7394, 13.4246, -2.69061, -2.21287, 0, 2.31389, 
-7.40828, -10.9467, 8.4946, -0.268156, 0, -0.902855, 
-8.54255, 5.38777, 12.2677, -1.49925, 0, 2.16516, 
7.67531, -1.13265, 13.541, 0.796432, 0, -0.364018, 
13.6324, 10.5381, -6.32051, 0.224554, 0, 0.086608, 
-1.79884, 6.89243, 11.0779, 1.29385, 0, 1.80432, 
0.749622, -1.10032, -13.0442, 1.28053, 0, -0.066341, 
10.9765, 11.7006, 1.31845, -2.16483, 0, -0.297915, 
0.439784, 11.4451, -1.80823, -0.194809, 0, 1.8399, 
3.91465, 3.49051, -14.9821, -2.99473, 0, 1.64011, 
5.41686, -8.84214, 10.0926, 1.25352, 0, 1.97225, 
-8.58443, -8.5936, -12.5682, -0.667061, 0, 2.71296, 
-6.47895, 8.30597, 8.51596, -0.465241, 0, -1.30706, 
-7.67837, 9.59178, -10.9064, -0.611138, 0, 0.606061, 
-7.28494, -7.99202, -11.9509, -1.68354, 0, 0.808305, 
5.08562, 4.0029, -13.3068, 0.5893, 0, -1.63795, 
0.783698, 1.61734, 2.63967, -1.022, 0, 1.21794, 
9.39797, 1.70507, 7.1699, -1.10396, 0, -2.18801, 
-2.07457, -7.23472, -3.89321, -0.641894, 0, -0.318804, 
-3.90774, -7.38233, 5.15352, 1.05742, 0, 0.0836182, 
13.2049, -5.3532, -1.18697, 0.102872, 0, 0.968133, 
5.10295, -4.68547, 1.25131, 0.136846, 0, 1.97543, 
12.5354, -7.0016, 14.1026, -1.5196, 0, 2.06385, 
-10.1775, 6.2085, 6.23479, -0.380169, 0, 0.494527, 
7.61588, -9.86463, -14.8724, -0.0258535, 0, -2.5205, 
-1.90723, -14.8097, 2.54362, 0.110871, 0, -2.5989, 
3.80584, 4.7716, 6.2796, 0.231968, 0, -1.31827, 
-14.7196, -11.8861, 0.628802, 1.65528, 0, -1.67589, 
-6.08934, -13.4819, -0.66587, -0.257029, 0, 0.119931, 
5.86912, 2.33328, 5.43493, -1.01295, 0, -2.65515, 
-14.1193, -3.67349, -0.310449, 0.457038, 0, 1.43375, 
14.2007, -9.35173, -4.46044, 0.684753, 0, 0.645669, 
 
Final linear positions are: 
0.256017, 0.0597212, 0.75846, 
-1.46263, 0.059325, -0.082602, 
-0.694955, 0.0587674, 0.256662, 
-0.67676, 0.0593945, 0.143253, 
0.0635245, 0.060071, -0.627743, 
-0.446468, 0.0600482, -0.147131, 
-0.0217712, 0.0613949, -0.435375, 
-0.29282, 0.0600609, -0.353603, 
0.871546, 0.0601681, -1.0481, 
0.873947, 0.0591838, -0.473498, 
-0.677922, 0.0604297, -0.108358, 
-1.6519, 0.0600191, -0.0150249, 
-0.835357, 0.0597041, -0.553067, 
0.280372, 0.0599746, 0.669379, 
-0.271508, 0.150809, -0.23333, 
-0.668046, 0.0595291, 0.854781, 
-0.690692, 0.111794, -0.484706, 
0.151413, 0.0601324, -0.244838, 
-0.589716, 0.0588207, 0.586731, 
-0.313566, 0.0590889, -0.364863, 
-0.476444, 0.0588861, 1.05846, 
0.281507, 0.111167, -0.0716146, 
0.0401546, 0.111335, 0.0224489, 
0.383629, 0.11069, 0.542375, 
0.341283, 0.0605927, 0.159719, 
-0.663637, 0.059986, 0.0509061, 
-0.0896015, 0.0592349, 0.406287, 
-1.03282, 0.0589124, 0.505871, 
0.336681, 0.0570923, 0.517769, 
-0.111319, 0.0602502, 0.811996, 
-0.310286, 0.0599975, -0.5306, 
-0.188896, 0.111504, 0.219032, 
-0.721947, 0.0601532, 0.281778, 
0.327716, 0.0592153, -0.648402, 
-0.530303, 0.0592154, 0.467073, 
-0.451744, 0.06002, -0.758774, 
-0.2656, 0.110983, -0.110444, 
0.40685, 0.0587681, 0.101175, 
-0.0165576, 0.111386, 0.319318, 
0.125217, 0.110949, 0.472853, 
-0.490306, 0.111394, 0.724859, 
-0.130919, 0.0585699, 0.27549, 
-0.102493, 0.0594963, -0.722027, 
-0.148169, 0.0599969, -1.03416, 
-0.110386, 0.0615025, -0.466574, 
0.533347, 0.0600481, -0.295628, 
-0.0406542, 0.060059, 0.111486, 
-0.217791, 0.151224, -0.923249, 
0.400597, 0.0617263, 0.337497, 
0.218767, 0.0596822, 0.0922823, 
 
All end orientation in quaternion in w x y z: 
0.304409, -0.302555, -0.631112, -0.646137, 
0.258225, 0.257023, 0.661136, -0.655864, 
0.612565, 0.616221, -0.348325, 0.351718, 
0.456595, 0.460317, -0.536231, 0.540449, 
0.62449, 0.624044, -0.332209, 0.331991, 
0.2652, -0.258043, -0.659291, -0.654537, 
0.240381, -0.237958, 0.669441, 0.661393, 
0.342965, 0.34276, -0.618597, 0.618246, 
0.688169, -0.689356, -0.159898, -0.160138, 
0.622134, -0.619097, 0.343518, 0.334162, 
0.70409, -0.706857, -0.0479267, -0.0481124, 
0.700026, 0.699692, -0.10107, 0.100895, 
0.568619, -0.567649, 0.420422, 0.421536, 
0.339947, 0.34026, 0.621476, -0.618407, 
0.679943, -0.185203, 0.183709, -0.685294, 
0.469493, 0.474665, 0.525063, -0.527805, 
0.0153884, 0.99661, -0.00126433, 0.0808095, 
0.573638, -0.574375, -0.412657, -0.413216, 
0.682833, 0.675415, -0.196482, 0.197355, 
0.681598, 0.674467, 0.201616, -0.199674, 
0.692119, -0.685019, -0.161712, -0.159902, 
0.00217623, 0.218172, -0.00973619, 0.975859, 
0.432037, -0.00491507, 0.901784, 0.0102624, 
0.181358, 0.00105822, 0.9834, -0.00574208, 
0.707819, 0.704436, 0.0370851, -0.0372337, 
0.672771, 0.677859, -0.210516, 0.208733, 
0.0884739, -0.0884239, -0.704479, -0.698615, 
0.547845, -0.537785, -0.45396, -0.452298, 
0.639946, -0.639013, -0.301959, -0.301584, 
0.0647102, 0.0648867, 0.703311, -0.704951, 
0.644538, -0.644516, -0.290767, -0.290904, 
0.00746847, 0.579754, 0.0104842, -0.81469, 
0.0651492, -0.0659051, -0.704081, -0.704047, 
0.430343, 0.427233, -0.560778, 0.563742, 
0.673468, -0.676671, 0.207985, 0.212839, 
0.573635, 0.573849, -0.413258, 0.41335, 
0.0757073, -0.000638498, 0.997095, 0.00837289, 
0.319136, -0.322986, -0.626289, -0.633715, 
0.373114, -0.00443361, 0.92771, 0.011011, 
0.0064852, -0.788354, 0.00508879, 0.615167, 
0.0108574, -0.911661, 0.00488924, 0.410771, 
0.381395, -0.373444, -0.596444, -0.599443, 
0.21945, 0.222411, 0.671813, -0.671596, 
0.489828, -0.489413, -0.5117, -0.508632, 
0.709045, -0.700755, -0.0580862, -0.0531469, 
0.594678, -0.594951, 0.382263, 0.382448, 
0.699987, -0.699358, -0.102272, -0.102258, 
0.475968, -0.532469, 0.522696, -0.465532, 
0.0187827, -0.0183664, -0.701563, -0.712123, 
0.58559, -0.587897, -0.394542, -0.394712, 
 
All first contact impulses are: 
-0.134342, 0.121998, 0.113073, 0.362261, -0.490346, 0.959448, 
-0.0238907, 0.024588, 0.0143721, -0.582099, -0.332737, -0.398368, 
-0.068246, 0.0755873, 0.0331283, -1.77613, -1.08413, -1.18531, 
0.0279567, -0.00767916, 0.0559785, -1.52647, -0.744479, 0.660221, 
-0.100044, 0.00032536, 0.253206, -1.17021, 0.857995, -0.46346, 
0.0333068, -0.0348614, -0.147225, 1.77245, -0.318114, 0.47631, 
0.0103772, 0.0129759, -0.049155, 1.73502, 1.59274, 0.786734, 
0.0552962, -0.015295, 0.167516, 0.123826, 1.03806, 0.0539055, 
0.0572225, -0.00446363, 0.151837, -1.22136, 1.91109, 0.516474, 
0.0376651, -0.149312, 0.180916, 2.36287, 0.516155, -0.0659406, 
0.0375797, 0.0531448, 0.00351095, -1.3838, 1.03855, -0.908746, 
0.0337136, -0.0193798, -0.0487298, 0.97782, 1.04244, 0.261925, 
0.00598989, 0.0318167, 0.0433949, -0.568663, 0.706228, -0.439306, 
-0.107777, 0.155947, -0.0160742, 0.174214, 0.0182573, -0.990975, 
0.0215456, 0.0120573, 0.0775933, -2.09684, -1.01959, 0.740671, 
-0.0558217, -0.0761747, -0.00233008, 1.38541, -0.984053, -1.01965, 
-0.0106335, 0.0821937, 0.000368281, -2.6613, -1.86694, 0.515142, 
0.00678504, 0.0473944, 0.0692999, -0.695598, 0.960961, -0.589099, 
0.00483142, -0.0811395, 0.168284, 0.0125686, -1.13762, -0.548875, 
0.0451804, -0.073812, -0.0218836, -1.47584, -1.22372, 1.08053, 
0.104715, -0.10336, -0.0777312, 1.73939, 1.76337, -0.00157551, 
-0.026584, -0.0635232, -0.182822, -0.808467, -1.81511, 0.748236, 
-0.0105806, -0.0945209, -0.194208, 0.77758, 1.8474, -0.94149, 
0.0215315, 0.123295, 0.174891, -0.424624, 1.48247, -0.992837, 
0.00776168, -0.0226934, 0.0608221, -1.71881, 1.66266, 0.8397, 
-0.026329, 0.0645312, 0.186609, 0.299785, 1.03091, -0.314201, 
-0.00786752, -0.0274009, -0.0703085, -0.352376, -0.726518, 0.322572, 
0.0515615, 0.0432684, 0.207478, 1.49002, -0.295501, -0.308668, 
-0.0880765, 0.135794, -0.032356, -0.450219, -0.113685, 0.748423, 
0.0240638, -0.0435161, -0.144642, -1.14411, -0.128273, -0.151752, 
0.0337708, 0.0137425, -0.0591291, -1.61601, 0.79624, -0.737902, 
-0.0789852, 0.0478352, -0.113689, -1.30207, -1.70202, 0.188478, 
0.00947595, 0.0984248, -0.157987, 2.22563, -0.572271, -0.22303, 
-0.0584179, 0.0170548, -0.114793, -1.66146, -1.9838, 0.550778, 
0.00564838, -0.0334353, 0.0467184, -1.63491, -0.882767, -0.434112, 
-0.0248221, 0.0564357, 0.164493, -0.976312, 1.82135, -0.772211, 
0.0257142, 0.00279596, -0.069146, 1.00013, 1.19378, 0.420203, 
-0.0450723, -0.0428436, 0.0346892, -0.950335, 0.924383, -0.0931102, 
0.0455168, 0.057814, -0.00940924, -1.05144, 0.698788, -0.792656, 
0.00226057, -0.0205231, 0.0429104, 1.40791, -1.29924, -0.695566, 
-0.0564179, -0.0367782, 0.0871566, -2.89284, -1.52275, -0.927295, 
-0.0387535, 0.0929834, 0.0744321, 1.33194, 0.483304, 0.0897236, 
0.0561098, -0.00142172, 0.144905, 2.07763, 0.553957, -0.799063, 
-0.0821879, -0.0513463, -0.111337, -0.884006, -0.0949174, 0.69634, 
0.00048742, -0.0439219, -0.08163, -1.60459, 0.631285, -0.349251, 
0.0289075, -0.0114415, 0.0930727, -0.585128, -0.196674, 0.157558, 
0.0448433, 0.0507955, -0.0191285, 1.41988, -0.913479, 0.902917, 
-0.0338671, -0.0357783, 0.0185294, -2.24761, 1.78581, -0.659867, 
0.0803001, 0.0171898, -0.169214, -1.70828, 0.124296, -0.798036, 
-0.0502151, -0.114853, 0.0873347, -1.04921, 1.34757, 1.16892