Final linear positions are: 
0.249939, 0.0566451, 0.76912, 
-1.50039, 0.153242, -0.439496, 
-0.693577, 0.058115, 0.24165, 
-0.651319, 0.0563554, 0.185872, 
0.165539, 0.10971, -0.709506, 
-0.454441, 0.0565226, -0.118369, 
-0.0322098, 0.0576153, -0.442372, 
-0.288895, 0.0576733, -0.379484, 
0.887582, 0.0583149, -1.05729, 
0.879341, 0.0560127, -0.46386, 
-0.673789, 0.0584874, -0.0839384, 
-1.65532, 0.0584506, -0.00629147, 
-0.782823, 0.0590396, -0.554762, 
0.283104, 0.058729, 0.677991, 
-0.243314, 0.103285, -0.33492, 
-0.666927, 0.0576621, 0.844258, 
-0.698266, 0.102813, -0.468388, 
0.155263, 0.0573869, -0.245108, 
-0.591282, 0.0575252, 0.56512, 
-0.318527, 0.0578698, -0.381908, 
-0.469118, 0.0582506, 1.09363, 
0.283218, 0.10213, -0.0598004, 
0.0288534, 0.100852, 0.0248515, 
0.373247, 0.106814, 0.546992, 
0.281138, 0.0584698, 0.163477, 
-0.673685, 0.0582631, 0.0469969, 
-0.0826134, 0.0568695, 0.381673, 
-1.04429, 0.0587411, 0.441194, 
0.337945, 0.0560279, 0.519139, 
-0.0127298, 0.0426126, 0.760902, 
-0.315783, 0.0580113, -0.580478, 
-0.183928, 0.107826, 0.21727, 
-0.710854, 0.0583913, 0.294936, 
0.260662, 0.151816, -0.474148, 
-0.550733, 0.0591154, 0.421227, 
-0.44622, 0.0584916, -0.758703, 
-0.364659, -0.0494327, -0.159254, 
0.408929, 0.0578697, 0.109922, 
-0.013888, 0.107818, 0.331611, 
-0.0491706, 0.0575903, 0.426553, 
-0.486586, 0.107776, 0.720247, 
-0.153818, 0.056256, 0.278389, 
-0.0904192, 0.0556686, -0.726992, 
-0.140158, 0.0573809, -0.981124, 
-0.122857, 0.0558676, -0.473713, 
0.51195, 0.0480214, -0.296631, 
-0.0466654, 0.0591094, 0.116804, 
-0.219433, 0.145761, -0.912914, 
0.402877, 0.0572318, 0.352146, 
0.216932, 0.0547328, 0.0862595, 
 
All end orientation in quaternion in w x y z: 
0.313763, -0.303353, -0.632874, -0.639531, 
0.517701, 0.511677, -0.481633, -0.488059, 
0.594972, 0.600073, -0.377911, 0.378289, 
0.49335, 0.50964, -0.49027, 0.506467, 
0.878241, 0.000987143, -0.478217, 0.000100123, 
0.246438, -0.240574, -0.663651, -0.664048, 
0.199817, -0.202113, 0.682489, 0.673374, 
0.282379, 0.287686, -0.641003, 0.653157, 
0.698856, -0.697026, -0.113972, -0.112985, 
0.627309, -0.61321, 0.337593, 0.341304, 
0.708865, -0.703034, -0.0397731, -0.0408825, 
0.693654, 0.702895, -0.110474, 0.112153, 
0.537841, -0.534548, 0.460711, 0.461228, 
0.347607, 0.344701, 0.614685, -0.618476, 
0.0104628, -0.844331, 0.00822577, -0.535656, 
0.497697, 0.492125, 0.50641, -0.503646, 
0.0412181, -0.998455, -0.00723595, -0.0365602, 
0.565848, -0.575202, -0.418769, -0.416643, 
0.67283, 0.67698, -0.212174, 0.209712, 
0.684307, 0.674062, 0.197511, -0.195841, 
0.690914, -0.684937, -0.163113, -0.163991, 
0.0150649, 0.219996, -0.0474168, 0.974231, 
0.436965, -0.0287894, 0.898016, 0.0424186, 
0.189078, -0.00399316, 0.981685, 0.0229728, 
0.701757, 0.703444, 0.0785543, -0.0808274, 
0.676572, 0.677258, -0.206325, 0.20249, 
0.0984505, -0.0997133, -0.700203, -0.700058, 
0.629841, -0.628484, -0.323369, -0.322089, 
0.641752, -0.639426, -0.299867, -0.298945, 
0.0390052, 0.11045, 0.710565, -0.693813, 
0.615498, -0.606365, -0.359205, -0.352782, 
0.0012538, -0.599837, 0.00748256, 0.800086, 
0.0975368, -0.0970729, -0.699974, -0.700785, 
0.212544, -0.681882, 0.674398, -0.187216, 
0.667728, -0.666256, 0.234256, 0.235299, 
0.582903, 0.588666, -0.39579, 0.396291, 
0.210236, -0.397999, 0.883905, 0.126927, 
0.31166, -0.310679, -0.637577, -0.63233, 
0.400264, 0.00664249, 0.91637, -0.00325565, 
0.591787, 0.588535, 0.393149, -0.385808, 
0.00964371, 0.913695, 0.000925091, -0.406286, 
0.341868, -0.339599, -0.617922, -0.621266, 
0.19726, 0.184328, 0.686282, -0.675373, 
0.468244, -0.472574, -0.525955, -0.529899, 
0.709803, -0.696931, -0.0772213, -0.0671081, 
0.662573, -0.598663, 0.334831, 0.300814, 
0.69985, -0.695543, -0.114797, -0.115115, 
0.447447, -0.562512, 0.539247, -0.438844, 
0.00732571, 0.000798464, 0.703846, 0.710314, 
0.566111, -0.585485, -0.410639, -0.410003, 
 
All first contact impulses are: 
-0.134333, 0.121986, 0.113075, 0.361632, -0.490816, 0.959115, 
-0.0236517, 0.0244737, 0.0142608, -0.583623, -0.332918, -0.396607, 
-0.174869, 0.222058, 0.0300663, -0.735083, -0.338618, -1.77442, 
0.0278778, -0.00748954, 0.0559638, -1.52589, -0.745891, 0.660285, 
-0.100349, -0.000618687, 0.252007, -1.16795, 0.82355, -0.463054, 
0.0333077, -0.0348794, -0.147215, 1.77215, -0.318141, 0.476329, 
0.00993071, 0.0138929, -0.0502971, 1.72522, 1.60048, 0.782708, 
0.0539437, -0.0173618, 0.166689, 0.100557, 1.03752, 0.0755224, 
0.0570993, -0.00482237, 0.151589, -1.22165, 1.90647, 0.520811, 
0.0374851, -0.149574, 0.180505, 2.35319, 0.522302, -0.0558816, 
0.0375235, 0.0532029, 0.00372995, -1.38289, 1.03899, -0.907843, 
0.0336338, -0.0192053, -0.0488746, 0.976957, 1.04227, 0.262748, 
0.0508855, 0.093633, 0.0444467, -0.227154, 0.462891, -0.715082, 
-0.107691, 0.154605, -0.0142133, 0.134636, 0.00397796, -0.976844, 
0.0217038, 0.012272, 0.0767582, -2.08819, -1.01962, 0.753463, 
-0.0553705, -0.0740403, -0.00268579, 1.39089, -1.00208, -1.04996, 
0.0801529, 0.0432293, 0.279636, -2.52999, 0.0089157, 0.7238, 
0.00757882, 0.0472866, 0.067745, -0.708969, 0.971543, -0.598831, 
-0.0717293, -0.112595, 0.0271008, 0.21956, -0.341683, -0.838458, 
0.045335, -0.0737243, -0.0218237, -1.47239, -1.22524, 1.08045, 
0.104709, -0.101007, -0.0765932, 1.72394, 1.77485, 0.0161976, 
-0.0265636, -0.0634901, -0.182807, -0.810372, -1.81299, 0.747416, 
-0.00873967, -0.0938904, -0.193982, 0.781961, 1.86665, -0.93872, 
0.0210647, 0.123508, 0.173769, -0.435244, 1.47764, -0.997481, 
0.0075863, -0.0228163, 0.0607956, -1.71737, 1.66471, 0.839055, 
-0.02699, 0.0645611, 0.185837, 0.280551, 1.03318, -0.318187, 
0.0398729, -0.0837006, -0.0537689, -0.0314451, -0.381519, 0.570582, 
0.0513358, 0.0431472, 0.207443, 1.48924, -0.290841, -0.308049, 
-0.0873809, 0.135812, -0.030536, -0.394165, -0.0854808, 0.747746, 
0.0701117, 0.0592366, -0.066679, -0.65418, 0.035205, -0.656582, 
0.0337337, 0.0140648, -0.0585488, -1.61741, 0.795775, -0.740729, 
-0.0798006, 0.0477298, -0.111997, -1.30541, -1.70394, 0.203963, 
0.00943325, 0.0986913, -0.157351, 2.21956, -0.578671, -0.229882, 
-0.0584241, 0.0170518, -0.114799, -1.66136, -1.98365, 0.550865, 
0.00540809, -0.0325514, 0.0461574, -1.63325, -0.889998, -0.436289, 
-0.0248929, 0.0556265, 0.164214, -0.98384, 1.81624, -0.764379, 
0.0255191, 0.00282281, -0.068973, 1.00182, 1.19449, 0.419548, 
-0.0450906, -0.0428086, 0.0342441, -0.951233, 0.925865, -0.0951026, 
0.0459834, 0.0566796, -0.0110458, -1.06164, 0.704898, -0.80252, 
0.0425195, -0.0481447, 0.194564, 0.473368, -1.64423, -0.510312, 
-0.0730505, -0.0742946, 0.318833, -2.99017, -0.0672407, -0.700772, 
-0.0384424, 0.0928846, 0.0741825, 1.33349, 0.483343, 0.0858343, 
0.0570478, 0.00073793, 0.143972, 2.06446, 0.55412, -0.820863, 
-0.0820515, -0.0512231, -0.11122, -0.88534, -0.0922143, 0.695623, 
0.000513265, -0.0438516, -0.0816778, -1.60374, 0.631557, -0.349152, 
0.00644933, -0.00056684, 0.0171625, 0.010424, -0.122061, -0.00794852, 
0.0447956, 0.0505465, -0.0193205, 1.42096, -0.913235, 0.905361, 
0.0675383, -0.0273723, -0.219028, -2.42057, 0.314895, -0.785746, 
0.0802922, 0.0172098, -0.169179, -1.70771, 0.124461, -0.797817, 
-0.049286, -0.114785, 0.0872245, -1.04668, 1.34906, 1.1839