Final linear positions are: 
0.200645, 0.0670817, 0.934196, 
-1.56761, -0.000810331, 0.0171662, 
-0.5998, 0.0649198, 0.319693, 
-0.613566, 0.0635458, 0.339218, 
0.102988, 0.0636146, -0.573714, 
-0.519064, 0.0620464, -0.00759891, 
-0.138823, 0.0639422, -0.290649, 
-0.122074, 0.0677311, -0.339397, 
0.950312, 0.0648013, -1.24313, 
0.840843, 0.0643958, -0.384271, 
-0.772215, 0.0257939, -0.166764, 
-1.60564, 0.0657418, -0.264958, 
-0.864831, 0.0635544, -0.468023, 
0.270615, 0.0692892, 0.741835, 
-0.194071, 0.0697248, -0.0717518, 
-0.846077, 0.062655, 0.792692, 
-0.706369, 0.0634242, -0.358872, 
0.183974, 0.0678531, -0.145942, 
-0.432401, 0.11187, 0.372431, 
-0.220246, 0.112678, -0.184842, 
-0.248924, 0.110038, 1.10973, 
0.41465, 0.0623881, -0.121461, 
-0.0162366, 0.0736325, -0.109952, 
0.122852, 0.0643125, 0.85651, 
0.525016, 0.0524397, 0.238404, 
-0.617642, 0.0667254, 0.130542, 
-0.174789, 0.0677733, 0.588196, 
-1.3695, 0.067429, 0.320599, 
0.567563, 0.0638207, 0.298943, 
0.147601, 0.179229, 0.757625, 
-0.280308, 0.0641562, -0.557248, 
-0.220402, 0.113207, 0.470946, 
-0.750729, 0.0680333, 0.434642, 
0.473381, 0.066026, -0.48896, 
-0.69434, 0.0644393, 0.50156, 
-0.334532, 0.0680372, -0.662502, 
-0.420979, 0.0666952, 0.173463, 
0.290423, 0.0576957, 0.24875, 
-0.240313, 0.0621896, 0.540591, 
0.348264, 0.0957517, 0.675218, 
-0.392975, 0.120417, 0.936279, 
-0.269671, 0.0610719, 0.359104, 
-0.166976, -0.00721498, -0.740715, 
-0.331562, 0.058988, -0.880091, 
-0.178103, 0.0648346, -0.514265, 
0.514412, 0.0654493, -0.187889, 
-0.0657983, 0.0644922, 0.17898, 
-0.0969622, 0.163562, -0.97176, 
0.344264, 0.070221, 0.446961, 
0.201763, 0.0651159, 0.252287, 
 
All end orientation in quaternion in w x y z: 
0.122799, -0.108249, -0.702991, -0.692103, 
0.279738, -0.208062, 0.552869, 0.756831, 
0.537618, 0.533073, -0.465555, 0.458321, 
0.187347, -0.188847, -0.693626, -0.669418, 
0.559048, 0.543877, -0.447677, 0.43732, 
0.0854336, -0.0975169, -0.698716, -0.703553, 
0.21772, -0.227263, 0.660029, 0.682137, 
0.143923, 0.129011, -0.687443, 0.700047, 
0.705859, -0.704963, -0.0404513, -0.056157, 
0.679852, -0.677185, 0.190031, 0.207631, 
0.820758, -0.41878, -0.057115, -0.384341, 
0.714445, -0.699255, 0.0226276, 0.00994526, 
0.674024, -0.668532, 0.215188, 0.229019, 
0.438898, 0.459223, 0.539958, -0.552203, 
0.354516, 0.381385, 0.591846, -0.61529, 
0.0147741, 0.00404235, -0.706208, 0.707839, 
0.662263, -0.673564, 0.237324, 0.226709, 
0.680851, -0.647677, -0.249547, -0.233842, 
0.933533, -0.0273593, 0.357221, 0.0126672, 
0.00506407, -0.830876, 0.00318787, -0.556426, 
0.00108592, 0.723262, -0.00520943, 0.690554, 
0.040266, 0.587059, 0.181736, 0.787853, 
0.000280548, -0.0168798, -0.979764, 0.199444, 
0.0958607, -0.110394, -0.708144, -0.690765, 
0.673833, 0.717388, 0.1182, -0.131649, 
0.681242, 0.658727, -0.216669, 0.234613, 
0.144026, -0.156393, 0.70074, 0.681, 
0.606295, -0.595917, -0.376293, -0.368366, 
0.552914, -0.544726, -0.441386, -0.450265, 
0.639951, 0.635003, 0.394432, -0.177925, 
0.699469, -0.704248, 0.0927919, 0.078534, 
0.0262964, -0.913584, 0.00891687, 0.4057, 
0.12456, -0.116722, -0.682982, -0.710209, 
0.332245, 0.335967, -0.628381, 0.617962, 
0.665599, -0.680351, 0.216102, 0.217715, 
0.567688, 0.587476, -0.402982, 0.412561, 
0.000522138, -0.00234026, 0.692712, 0.72121, 
0.242104, -0.234216, -0.67124, -0.660277, 
0.372769, -0.361901, 0.604739, 0.603623, 
0.052375, -0.802093, 0.0020565, 0.594895, 
0.0229321, 0.885271, 0.0150175, -0.464267, 
0.19332, -0.200427, -0.672448, -0.685762, 
0.499203, 0.278891, 0.619227, -0.53812, 
0.170631, -0.180421, -0.691595, -0.678254, 
0.692791, -0.691647, 0.150474, 0.137921, 
0.653553, -0.670848, 0.238511, 0.256794, 
0.680719, -0.697274, -0.154351, -0.163118, 
0.181927, -0.660528, 0.718375, -0.120596, 
0.162241, -0.192159, -0.677732, -0.690964, 
0.614223, -0.624694, -0.338893, -0.342984, 
 
All first contact impulses are: 
-0.132114, 0.123239, 0.105166, 0.276285, -0.500529, 0.933627, 
-0.0238905, 0.0245881, 0.0143719, -0.582075, -0.33272, -0.398358, 
-0.0682107, 0.0771499, 0.0300171, -1.73019, -1.07126, -1.17832, 
0.0269189, -0.0106327, 0.0479542, -1.4975, -0.776813, 0.668377, 
-0.0943314, -0.00253723, 0.244122, -1.07745, 0.865028, -0.407346, 
0.0362595, -0.0314854, -0.148417, 1.80771, -0.336022, 0.512924, 
0.0144561, 0.00565787, -0.0461003, 1.56682, 1.44997, 0.669277, 
0.0575092, -0.0128296, 0.168718, 0.209735, 0.985535, 0.00345155, 
0.0573955, -0.00441707, 0.152186, -1.18314, 1.8855, 0.500936, 
0.0366714, -0.148592, 0.182081, 2.2716, 0.441206, -0.0974457, 
0.0379129, 0.0525593, 0.0016032, -1.37687, 1.0207, -0.902057, 
0.0332753, -0.0188499, -0.0486052, 0.995733, 1.05474, 0.272636, 
0.00731894, 0.031932, 0.0402786, -0.62177, 0.724382, -0.461294, 
-0.101447, 0.145754, -0.0131462, 0.317243, 0.142567, -0.86744, 
0.0195614, 0.0110615, 0.0706629, -1.91894, -0.935454, 0.677649, 
-0.0558217, -0.0761748, -0.00232994, 1.38541, -0.984053, -1.01964, 
-0.00796016, 0.0802336, 0.0106485, -2.49878, -2.03926, 0.597559, 
0.00533444, 0.0499896, 0.0777569, -0.603175, 0.951522, -0.570349, 
0.00475923, -0.0838205, 0.173234, 0.015554, -1.17299, -0.567987, 
0.043874, -0.073124, -0.0239064, -1.40849, -1.18809, 1.04915, 
0.0973247, -0.0951146, -0.0739438, 1.63159, 1.66102, 0.0109128, 
-0.0261097, -0.0633352, -0.18129, -0.768718, -1.77582, 0.73111, 
-0.0130945, -0.0921769, -0.19637, 0.67649, 1.79052, -0.885586, 
0.0237287, 0.125182, 0.172794, -0.326352, 1.39671, -0.967043, 
0.00978158, -0.0222426, 0.0650433, -1.72389, 1.69455, 0.838726, 
-0.0252312, 0.0689735, 0.192018, 0.276136, 1.08419, -0.353161, 
-0.0102351, -0.0264144, -0.0744548, -0.380503, -0.774737, 0.327161, 
0.0515617, 0.0432675, 0.207478, 1.49002, -0.295496, -0.308672, 
-0.0947101, 0.145069, -0.0328624, -0.448902, -0.109316, 0.811173, 
0.0234637, -0.0417737, -0.139782, -1.12121, -0.112394, -0.154617, 
0.0338813, 0.00884966, -0.0684733, -1.55411, 0.687354, -0.680155, 
-0.0719053, 0.0406096, -0.108869, -1.16635, -1.57206, 0.183946, 
0.00819487, 0.0969865, -0.158546, 2.17307, -0.529835, -0.211793, 
-0.0606816, 0.0178381, -0.119017, -1.68308, -2.02782, 0.5542, 
0.0067432, -0.0329423, 0.0431172, -1.50688, -0.813249, -0.385673, 
-0.023978, 0.0524698, 0.15518, -0.895838, 1.69989, -0.713192, 
0.0295876, -0.000471556, -0.0728472, 0.976534, 1.20132, 0.388852, 
-0.0490503, -0.047212, 0.0366808, -0.947043, 0.935313, -0.0625574, 
0.0470223, 0.0610214, -0.00727822, -0.958667, 0.645876, -0.778555, 
0.0045683, -0.019318, 0.0465484, 1.35546, -1.28593, -0.6667, 
-0.0549957, -0.0434078, 0.0847854, -2.7953, -1.53389, -1.01668, 
-0.0376406, 0.0921888, 0.0757205, 1.26362, 0.423873, 0.112082, 
0.0561644, -0.00490056, 0.138243, 1.85794, 0.436194, -0.739364, 
-0.0805412, -0.0465543, -0.116033, -0.926091, -0.095392, 0.681096, 
0.00174359, -0.0436344, -0.0842412, -1.66862, 0.660782, -0.376802, 
0.0311354, -0.00917532, 0.0945352, -0.620368, -0.180881, 0.186764, 
0.0471626, 0.0507246, -0.0251033, 1.41534, -0.870225, 0.900644, 
-0.0296487, -0.029919, 0.0188087, -2.19776, 1.75084, -0.679322, 
0.0795001, 0.0217085, -0.158925, -1.67193, 0.166279, -0.813647, 
-0.0537867, -0.120712, 0.089141, -0.924407, 1.26892, 1.16056,