GS:

Final linear positions are: 
0.37394, 0.0999052, 0.908886, 
-0.644768, 0.113133, -0.303978, 
-1.0782, 0.134325, 0.122765, 
-0.586934, 0.0999949, 0.47414, 
0.381539, 0.113136, -0.707883, 
-0.458416, 0.134274, -0.210484, 
0.177752, 0.0835542, -0.454012, 
-0.351002, 0.139988, -0.202763, 
0.780203, 0.0999976, -0.874479, 
0.905531, 0.0999983, -0.622036, 
-0.802242, 0.0835545, 0.0741894, 
-1.36154, 0.0999986, -0.220633, 
-1.57705, 0.114415, -0.592301, 
0.236574, 0.134339, 0.694433, 
-0.0960994, 0.0835552, -0.374739, 
-0.87427, 0.0999926, 1.10142, 
-1.08184, 0.0835103, -0.842048, 
0.171304, 0.0999236, -0.391896, 
-0.951098, 0.0834757, 0.866767, 
-0.112665, 0.0999989, -0.380699, 
-0.678572, 0.0999978, 0.594986, 
0.501661, 0.0835544, 0.0175296, 
0.252484, 0.113134, 0.630617, 
0.447559, 0.0999997, 0.80691, 
0.404862, 0.082912, 0.0229313, 
-0.835322, 0.0835051, -0.169468, 
-0.0465757, 0.083555, 0.639733, 
-0.708094, 0.0999795, 0.783489, 
0.610761, 0.0999426, 0.72309, 
-0.118907, 0.0999961, 0.873913, 
0.0218434, 0.0999981, -0.648445, 
-0.210786, 0.099675, -0.0357126, 
-0.627989, 0.0835605, 0.448579, 
0.152794, 0.0892268, -1.09032, 
-0.94798, 0.122644, 1.06682, 
-0.637774, 0.0994852, -0.873813, 
-0.331367, 0.134346, -0.378013, 
0.308243, 0.0999958, 0.0809655, 
0.278817, 0.0835616, 0.480736, 
0.22544, 0.0835613, 0.521282, 
-0.704615, 0.083557, 0.759156, 
-0.180416, 0.0997431, 0.130114, 
0.0571519, 0.0835515, -0.957996, 
-0.209212, 0.134298, -1.52902, 
0.305308, 0.083535, -0.43187, 
0.568387, 0.0835562, -1.344, 
-0.0681175, 0.113134, 0.00488883, 
-0.472857, 0.0999968, -1.08643, 
-0.115019, 0.0835388, 0.737845, 
0.277031, 0.1, 0.107134, 
-0.419184, 0.0999981, -0.0775481, 
0.438878, 0.0835595, -0.675788, 
-0.761425, 0.0999968, 0.145681, 
1.45579, 0.0828092, 1.50127, 
0.563501, 0.083561, -1.01932, 
-0.584595, 0.0835381, 0.157812, 
-0.192313, 0.0999989, 0.337689, 
0.159127, 0.0835543, 0.522976, 
-0.776123, 0.0835598, -0.958366, 
-0.7375, 0.0835584, 0.163289, 
0.944104, 0.0999697, 0.7575, 
0.0608641, 0.0835618, -0.116615, 
1.08465, 0.0999086, -0.182628, 
0.0739935, 0.134265, -0.997511, 
0.742374, 0.0999998, -0.854096, 
-0.00568147, 0.113132, 0.56423, 
-0.622823, 0.0835619, 0.96157, 
0.315352, 0.0999985, -0.0271303, 
0.880859, 0.0999958, 0.898199, 
-0.491463, 0.113107, -0.322413, 
-0.535375, 0.0999713, -1.34683, 
0.0518045, 0.0999806, -1.44219, 
-0.0802173, 0.0999938, -0.976475, 
-0.797738, 0.0835624, 0.37592, 
-1.24616, 0.0835555, -1.47439, 
-0.0818397, 0.0999998, -0.0183285, 
1.82135, 0.0835572, 0.545856, 
0.367982, 0.0999541, 0.22369, 
-0.975478, 0.134347, -0.022051, 
0.189798, 0.0999998, 0.632726, 
-0.0579258, 0.134333, 0.468338, 
-1.07351, 0.0835502, 0.022191, 
-1.16175, 0.0835596, 0.920959, 
1.13722, 0.0835531, 0.418575, 
-0.0422295, 0.197254, -0.261574, 
-0.992912, 0.151618, -1.98768, 
-0.738717, 0.0835623, -0.836421, 
-0.775368, 0.099997, 0.826658, 
0.544223, 0.0998883, 0.25897, 
1.24871, 0.0999985, -0.206991, 
0.944612, 0.0999037, -0.865917, 
0.538487, 0.0829737, 0.0230918, 
-1.20682, 0.099992, -0.256898, 
-0.595057, 0.083509, 0.0157832, 
0.0658031, 0.0999783, -1.13855, 
-0.90993, 0.113133, -0.653577, 
-0.715512, 0.0835529, -0.443886, 
0.258055, 0.0835308, 0.0787655, 
0.638146, 0.0835415, -0.249018, 
-0.425824, 0.0830962, 0.0826566, 
 
All end orientation in quaternion in w x y z: 
0.742953, -0.000388657, 0.669342, -0.0010365, 
0.674064, 0.627722, 0.213699, 0.325478, 
0.258872, -0.648422, 0.657947, 0.282205, 
1.98912e-05, -0.999976, 5.88626e-06, -0.00698335, 
0.145129, -0.386746, -0.692052, 0.59197, 
0.707026, -0.5082, 0.0111777, -0.491653, 
0.559905, 0.680235, -0.431878, 0.193051, 
0.620701, -0.620652, 0.338773, 0.338755, 
0.710489, -9.87445e-06, 0.703709, -1.19352e-05, 
3.29751e-06, -0.36157, -2.34522e-06, -0.932345, 
0.477338, 0.636966, -0.521651, 0.307088, 
4.41953e-06, 0.981373, -2.78409e-06, 0.192114, 
0.705924, 0.54502, 0.0430708, 0.450299, 
0.273162, 0.267997, -0.652212, -0.654354, 
0.700537, 0.614682, 0.096191, -0.349514, 
0.353846, 1.36349e-05, -0.935304, 2.36671e-05, 
0.419664, 0.178254, 0.569299, -0.68411, 
0.000990202, 0.688615, -0.000844567, 0.725126, 
0.410619, 0.594881, -0.575647, 0.382282, 
0.997597, -1.30116e-06, -0.0692795, 1.24149e-07, 
0.159094, -3.01247e-06, -0.987263, 5.2747e-06, 
0.700764, 0.615456, 0.0946485, -0.348117, 
0.0421957, 0.52894, 0.705849, -0.469275, 
0.863853, 2.72186e-06, 0.503744, -1.55211e-06, 
0.130496, -0.140303, 0.694952, -0.693057, 
0.273154, 0.495873, -0.652141, 0.504191, 
0.150587, 0.396452, -0.690887, 0.585511, 
4.84376e-05, -0.995866, 3.76912e-05, -0.0908375, 
0.143789, 9.81336e-05, -0.989608, 0.000459991, 
1.33544e-05, 0.82787, 1.80692e-05, -0.56092, 
0.777049, 3.08875e-07, -0.62944, 4.75125e-06, 
0.00218449, 0.424511, -0.00131327, -0.905419, 
0.305058, 0.0463231, 0.637915, -0.70559, 
0.434817, 0.24173, 0.557602, -0.664515, 
0.0996541, 0.477264, -0.486032, 0.7253, 
0.908642, 0.00397863, 0.417557, -0.00027154, 
0.650735, -0.65576, 0.276669, -0.26453, 
0.408861, 2.70242e-05, -0.912597, 9.41953e-05, 
0.608479, 0.698738, -0.360213, 0.108463, 
0.703486, 0.626624, 0.0714716, -0.32763, 
0.200446, -0.0657494, 0.678095, -0.704049, 
0.230506, 0.000218915, 0.97307, 0.00148749, 
0.566855, 0.369331, 0.422709, -0.602982, 
0.142278, -0.590474, 0.692543, 0.389205, 
0.607209, 0.429652, 0.362099, -0.561766, 
0.704598, 0.676342, -0.0596898, -0.206253, 
0.664041, 0.297719, -0.243002, 0.641376, 
0.707788, 4.26177e-05, 0.706425, -2.88476e-05, 
0.121018, 0.371063, -0.696662, 0.601938, 
1.36571e-08, -0.400646, -7.11707e-08, -0.916233, 
2.20087e-06, 0.636745, -7.86834e-06, -0.771074, 
0.339034, 0.0843002, 0.62053, -0.702063, 
0.930931, 1.1045e-05, 0.365196, -8.97418e-08, 
0.217787, 0.451184, -0.673781, 0.543158, 
0.640596, 0.705966, -0.299405, 0.0400774, 
0.345158, 0.549224, -0.617398, 0.445016, 
2.63962e-06, 0.926242, -1.25145e-06, 0.376928, 
0.00165892, -0.261128, 0.707104, -0.657125, 
0.443201, 0.206879, 0.550974, -0.676167, 
0.462507, 0.2308, 0.534854, -0.668394, 
0.000514963, 0.837207, 0.000464961, -0.546886, 
0.220641, 0.454358, -0.671805, 0.541806, 
0.000311735, -0.839552, -0.000370498, -0.543279, 
0.462349, -0.704879, 0.535455, 0.0516409, 
0.506254, 6.02036e-08, -0.862384, -2.95457e-07, 
0.334044, -0.204527, -0.62323, 0.676881, 
0.0276071, 0.288045, -0.706568, 0.645778, 
6.13445e-07, -0.107029, -3.55982e-05, 0.994256, 
0.346956, -5.04846e-08, -0.937881, 3.42368e-05, 
0.685695, 0.606764, 0.172691, 0.363094, 
1.23701e-05, -0.708517, -8.56431e-05, -0.705694, 
2.22706e-06, 0.0772011, 1.69038e-05, -0.997016, 
8.69464e-06, -0.152242, -6.32731e-05, 0.988343, 
0.297217, 0.0376724, 0.641608, -0.706104, 
0.0311983, 0.291329, -0.706418, 0.644304, 
4.06222e-08, -0.525639, -9.92046e-08, 0.850708, 
0.626275, 0.70342, -0.328272, 0.0722245, 
0.998518, -0.000234788, 0.0544261, 9.18573e-05, 
0.665324, -0.639789, 0.239469, -0.301113, 
0.0367507, 3.14345e-07, 0.999324, -3.05439e-07, 
0.705389, -0.533459, 0.0490772, -0.464155, 
0.0396418, 0.299027, -0.706022, 0.640737, 
0.665891, 0.529896, 0.23792, -0.468181, 
0.694429, 0.694254, -0.133284, -0.134221, 
0.707107, -0.32237, -0.000933206, 0.629346, 
0.232644, -0.391986, 0.680529, 0.573676, 
0.0482742, -0.217178, 0.705456, -0.67293, 
5.46932e-06, 0.928336, -3.45614e-06, 0.371741, 
0.000744728, 0.627627, -0.000624194, -0.778513, 
1.82424e-06, -0.207392, 8.93393e-07, 0.978258, 
0.969041, 0.00215261, 0.246889, -0.000208833, 
0.247553, -0.0204439, 0.662362, -0.706807, 
1.82194e-05, 0.980451, 3.89693e-06, 0.196764, 
0.541845, 0.672211, -0.453659, 0.220747, 
0.000133922, -0.884737, 0.000910775, -0.46609, 
0.699338, 0.568424, 0.104543, 0.420585, 
0.280307, 0.501251, -0.649232, 0.498672, 
0.176594, -0.0904087, 0.684708, -0.701296, 
0.667541, 0.533089, 0.2332, -0.464567, 
0.706036, 0.651898, 0.0138713, -0.276313, 
 
All first contact impulses are: 
-0.0173172, 0.00377601, 0.384105, -1.39669, 2.61887, -0.0887142, 
0.00531349, 8.01035e-05, -0.105469, -0.635906, -0.209391, -0.0321958, 
-0.12026, -0.0209497, -0.0279859, -1.15212, 1.74453, 3.64494, 
-0.0454778, -0.143678, -0.118869, 0.028682, -2.32001, 2.79324, 
0.182547, -0.176729, -0.0776874, -0.262746, 1.02826, -2.95655, 
0.111887, -0.213107, -0.106675, -1.76635, -1.41655, 0.977219, 
-0.0745477, 0.144911, 0.0418497, -4.02102, -1.80126, -0.925603, 
0.0639941, 0.170548, 0.144675, -1.63616, -0.378817, 1.17028, 
0.0807126, 0.0806432, -0.0287764, -1.87021, 3.16489, 3.62372, 
0.0651879, -0.0995092, -0.308666, -3.03675, -3.0617, 0.345708, 
-0.045713, -0.0978497, -0.0642381, -3.22863, 1.29313, 0.327817, 
-0.000838241, -0.0290496, -0.0684328, 0.525178, 0.0795748, -0.0402123, 
0.00983006, 0.0453056, -0.0428934, 1.79399, 1.48195, 1.97643, 
-0.00186616, 0.0221009, 0.0151198, -0.61397, -0.925544, 1.2771, 
-0.0728509, -0.222976, -0.193184, 3.13156, -0.59986, -0.488565, 
0.153379, -0.00602981, 0.0590852, -0.634638, 2.45098, 1.89758, 
-0.0867264, 0.0187292, -0.0443517, -1.22996, 1.57289, 3.06931, 
0.0306362, 0.0395017, -0.017274, -1.27108, 2.19667, 2.76898, 
-0.0875973, 0.220468, -0.240243, 2.91809, -1.03132, -2.01042, 
0.0611997, 0.120435, -0.0196462, -1.33846, 0.571001, -0.669098, 
-0.0232536, -0.070053, 0.0749524, 2.86937, 1.41323, 2.21105, 
0.0174373, 0.0961962, -0.327677, 2.32557, 2.80117, 0.946094, 
-0.040745, -0.0535522, 0.0819069, 3.10681, 1.52516, 2.54267, 
0.0148868, 0.122374, 0.0927269, -2.11538, -2.37621, 3.47557, 
-0.0069046, -0.0736984, 0.0638601, 0.87865, -3.03451, -3.407, 
0.0925892, 0.0625974, -0.0116449, -1.51659, 2.80028, 2.9945, 
0.0681921, -0.0726614, 0.0970522, 0.233632, -2.40831, -1.96722, 
-0.0210735, -0.00508797, 0.37059, -0.397307, 2.0516, 0.00557445, 
-0.1742, 0.00184048, -0.0775085, 0.805732, 3.16163, -1.7358, 
-0.0686467, -0.0412365, -0.225075, 3.99733, -1.77076, -1.77311, 
0.00715486, -0.0251417, 0.108319, -3.56379, -1.2403, -0.0524823, 
-0.0492944, -0.0404585, -0.0591869, 1.09757, 3.37889, -3.22384, 
-0.167918, -0.206496, 0.111397, -0.284023, -1.6599, -3.50507, 
0.156505, 0.174904, -0.0427526, 1.95077, -1.0155, 2.98675, 
0.0461511, -0.094096, 0.0179367, -3.00411, -1.41237, 0.320274, 
-0.104042, -0.156517, 0.0949961, 0.110238, -2.1204, -3.37286, 
0.0291537, 0.0335848, -0.0552253, 2.007, 1.70617, 2.0971, 
-0.0874676, -0.0309835, -0.0679248, 0.39501, 2.14852, -1.48869, 
0.0661896, -0.087827, -0.111381, 2.55073, 1.83227, 0.0710107, 
0.0372786, 0.07768, -0.0536733, 1.37732, -1.68116, -1.47649, 
-0.0368642, -0.159056, -0.213319, 4.5124, -1.1896, 0.1072, 
0.0101625, -0.0246864, 0.0109035, 0.445871, 0.168418, -0.0342576, 
0.107683, -0.178705, 0.0122712, 2.48454, 1.57455, 1.12754, 
0.0146291, 0.0479106, 0.186524, -1.72782, 1.79653, -0.325944, 
0.0366251, 0.0202923, -0.233857, 1.499, 1.91878, 0.401261, 
-0.0104269, 0.0198871, 0.00966635, -1.38799, -0.645661, -0.168835, 
0.0806246, 0.0292627, 0.0100451, 1.40806, -3.01703, -2.51249, 
-0.0426421, -0.114567, -0.123534, 0.408288, 3.28727, -3.18957, 
0.0248516, -0.0747877, -0.311227, 3.95089, -0.41931, 0.41624, 
0.073599, -0.127698, -0.194996, -1.73702, -1.84349, 0.551641, 
-0.1086, 0.229033, -0.118321, -1.36008, -1.27164, -1.21317, 
0.0321993, -0.0593757, -0.0502275, -3.97375, -2.23801, 0.0981905, 
-0.0988003, 0.211885, -0.142841, -0.275895, -0.852151, -1.07322, 
-0.239997, 0.059517, -0.128225, -1.54849, 0.532477, 3.14544, 
-0.128734, 0.258012, -0.00544362, -2.58041, -1.31743, -1.41908, 
-0.00514017, -0.0287001, -0.184197, -3.86948, 1.01375, -0.0499737, 
-0.0362938, 0.0752791, -0.0269159, -1.51571, -0.892435, -0.452181, 
-0.0635908, 0.123505, 0.0367631, -3.31417, -1.47327, -0.783236, 
0.0246188, 0.0110128, -0.0342435, 2.51807, 1.90701, 2.42362, 
-0.174188, -0.0667773, 0.138932, 0.43715, -1.21765, -0.037175, 
0.128512, -0.207635, -0.123471, 1.1182, 1.17646, -0.814535, 
-0.0866347, 0.0211808, 0.107952, 1.2161, -1.53041, 1.27623, 
0.00735168, 0.063121, 0.0477121, -1.45497, -1.9557, 2.81149, 
0.0164839, -0.0413362, 0.0836847, -3.70468, -1.43392, 0.0214466, 
-0.0502052, -0.0814286, 0.189817, -2.56742, 2.2328, 0.278771, 
-0.0235106, -0.0970907, -0.225521, 1.43946, 3.65949, -1.9254, 
-0.010353, 0.0777915, 0.0666579, 1.1086, -1.18346, 1.55331, 
-0.085274, -0.143633, 0.0672866, 1.06038, -0.866624, -0.506091, 
-0.121581, -0.167928, 0.188086, -0.0375364, -0.921663, -0.847148, 
0.0123731, -0.0417943, 0.170481, -1.59286, 0.0559726, 0.129328, 
0.183876, -0.344071, -0.0592016, 2.22458, 1.4083, -1.27544, 
0.0402819, -0.116669, -0.126494, 2.96485, -1.13327, 1.9894, 
0.0619862, 0.112267, -0.11706, -0.165261, -0.502669, -0.569595, 
-0.151299, -0.222189, 0.133218, -0.459257, -1.74586, -3.43343, 
0.0332107, -0.0311632, -0.0103985, -1.16155, -2.53107, 3.87561, 
-0.0443918, -0.170481, 0.134805, -0.528012, -1.64007, -2.248, 
-0.0136579, -0.0335543, -0.062386, -3.42266, 1.3994, -0.00336147, 
0.0549398, 0.145421, -0.162736, 1.66503, 2.19493, 2.5235, 
0.00406073, 0.129714, 0.303982, 0.829893, -1.93486, 0.81455, 
-0.0674731, -0.115871, 0.190753, -0.294916, 1.10122, 0.564608, 
-0.0260962, 0.0474331, 0.0245607, -1.35486, -2.2185, 2.84494, 
-0.0799254, -0.161578, -0.017275, -1.8721, 0.849676, 0.714287, 
0.187397, 0.0990988, -0.00385716, -1.33745, 2.59776, 1.76289, 
-0.0754813, -0.0587356, 0.230568, 2.85654, -2.58111, 0.277629, 
-0.0740822, -0.247691, -0.0975483, 3.11764, -1.4281, 1.25852, 
-0.0199961, 0.022521, 0.0436778, 2.24272, 0.902968, 0.561148, 
0.148435, -0.157529, -0.348351, 0.630988, 2.05725, -0.661448, 
0.00228162, 0.192887, 0.176388, 2.55088, 1.57399, -1.7542, 
0.0851081, -0.177392, 0.0717568, -4.08549, -1.68396, 0.682685, 
0.166722, -0.0499364, 0.0303858, 0.836347, 1.06498, -2.83869, 
-0.181376, -0.0108196, -0.0726079, 1.16784, -0.883521, -2.78564, 
0.0220986, -0.0413373, -0.0285982, -1.64102, -0.963504, 0.124635, 
0.0895741, -0.190509, 0.0284021, 3.26448, 1.49023, -0.299649, 
-0.00193562, 0.103055, -0.0715365, 1.11989, 1.2235, 1.73226, 
-0.114439, 0.118434, -0.181767, 1.84135, 1.70011, 3.52454, 
0.0798926, -0.280929, 0.229197, 1.15193, 2.28007, 2.39318, 
0.0892355, -0.225961, 0.118726, 1.52429, 0.168519, -0.824947, 
-0.0372376, 0.021225, 0.00186154, -1.11639, -2.19554, 2.70139, 
0.128605, -0.113295, 0.161452, -0.0876836, -3.05368, -2.073, 
0.0597002, 0.0650744, -0.0174828, 2.22131, -1.36432, 2.50705

Ours:
Final linear positions are: 
0.366031, 0.0993616, 0.903439, 
-0.591313, 0.0834843, -0.286292, 
-0.989339, 0.13422, 0.0870007, 
-0.584042, 0.101395, 0.472433, 
0.33215, 0.113145, -0.693252, 
-0.433004, 0.134277, -0.267907, 
0.309627, 0.100752, -0.524204, 
-0.269989, 0.135372, -0.275584, 
0.781868, 0.0997958, -0.876265, 
0.908419, 0.100038, -0.632645, 
-0.80008, 0.0833394, 0.0817895, 
-1.3848, 0.100083, -0.249695, 
-1.45421, 0.112893, -0.672949, 
0.268266, 0.134256, 0.721787, 
-0.0918355, 0.0834974, -0.406258, 
-0.859321, 0.0998491, 1.10744, 
-1.07565, 0.0829507, -0.857601, 
0.191486, 0.100141, -0.380236, 
-0.950624, 0.0834857, 0.834962, 
-0.136221, 0.0995572, -0.395092, 
-0.678376, 0.100198, 0.649995, 
0.395213, 0.100158, -0.165488, 
0.255681, 0.113089, 0.636537, 
0.524491, 0.0994988, 0.84919, 
0.42926, 0.084411, -0.0149913, 
-0.821956, 0.0834891, -0.141219, 
-0.0546712, 0.0835338, 0.610274, 
-0.832795, 0.113075, 0.584633, 
0.613146, 0.0999979, 0.722753, 
-0.124817, 0.100003, 0.8451, 
-0.102501, 0.0834747, -0.569301, 
-0.199571, 0.0997175, -0.0423585, 
-0.636318, 0.0829587, 0.448101, 
0.260495, 0.114184, -0.981542, 
-0.998516, 0.122803, 1.01109, 
-0.642034, 0.099002, -0.874082, 
-0.333752, 0.134185, -0.36245, 
0.313273, 0.10005, 0.0891545, 
0.282648, 0.0834351, 0.481466, 
0.219132, 0.0833306, 0.537527, 
-0.723075, 0.0834609, 0.79533, 
-0.17686, 0.100276, 0.131267, 
0.0799304, 0.0834556, -1.00453, 
-0.242211, 0.134211, -1.48579, 
0.111886, 0.0996154, -0.448623, 
0.577197, 0.0835708, -1.34316, 
-0.0659923, 0.112986, -0.00439642, 
-0.468067, 0.0999388, -1.06872, 
-0.116667, 0.0831147, 0.730558, 
0.266209, 0.0999152, 0.105419, 
-0.411054, 0.0999705, -0.0710765, 
0.43913, 0.0833995, -0.683238, 
-0.790972, 0.0998884, 0.136805, 
1.20178, 0.147777, 1.49093, 
0.556842, 0.0834742, -1.02975, 
-0.583158, 0.0833082, 0.156965, 
-0.186876, 0.098895, 0.341751, 
0.148197, 0.0833372, 0.549398, 
-0.785031, 0.0834205, -0.958942, 
-0.740066, 0.0834673, 0.158441, 
0.9348, 0.0999269, 0.759279, 
-0.09858, 0.104396, -0.214223, 
1.09565, 0.0998482, -0.19849, 
0.319209, 0.100074, -0.836839, 
0.780909, 0.100173, -0.776337, 
-0.00179307, 0.113107, 0.558137, 
-0.618469, 0.0833382, 0.961606, 
0.319819, 0.100904, -0.0338994, 
0.891023, 0.0999772, 0.854722, 
-0.501033, 0.113097, -0.316183, 
-0.585001, 0.100059, -1.34451, 
0.0259327, 0.100399, -1.46672, 
-0.0891974, 0.0996745, -0.984894, 
-0.773012, 0.0834326, 0.383279, 
-1.24204, 0.0835488, -1.47379, 
-0.0783173, 0.0999341, -0.0186506, 
1.82063, 0.0834509, 0.564914, 
0.373496, 0.0994532, 0.229732, 
-1.07352, 0.100273, 0.177452, 
0.18943, 0.0992006, 0.633426, 
-0.0242631, 0.134309, 0.475524, 
-1.11419, 0.0834829, -0.0671578, 
-1.10289, 0.0831131, 0.999178, 
1.13377, 0.0835079, 0.419154, 
-0.0533686, 0.196725, -0.257343, 
-0.767946, 0.113097, -1.52924, 
-0.74049, 0.083397, -0.833663, 
-0.745844, 0.0996249, 0.799669, 
0.542993, 0.100191, 0.252197, 
1.25166, 0.0998936, -0.217238, 
0.943049, 0.0997735, -0.8576, 
0.557769, 0.0833776, 0.00453736, 
-1.2184, 0.099956, -0.279767, 
-0.580954, 0.0834078, 0.0371528, 
0.0777675, 0.0998784, -1.19112, 
-0.938934, 0.113095, -0.696833, 
-0.686566, 0.0831287, -0.434375, 
0.262393, 0.0826102, 0.0483511, 
0.629203, 0.0832389, -0.280325, 
-0.519087, 0.100259, -0.112121, 
 
All end orientation in quaternion in w x y z: 
0.72033, -0.00312098, 0.693623, -0.00131317, 
0.621796, 0.702275, -0.336944, 0.0815372, 
0.347635, -0.681131, 0.61575, 0.189901, 
0.011388, -0.99992, -0.00142195, -0.00540216, 
0.0602643, -0.455681, -0.70464, 0.540561, 
0.69528, -0.582878, 0.12903, -0.400238, 
0.667171, -0.00311911, -0.744863, -0.00722664, 
0.318375, -0.667377, 0.631375, 0.233692, 
0.754027, 0.000483624, 0.656843, 6.56182e-06, 
7.6141e-05, 0.313181, 0.000270645, 0.949693, 
0.484689, 0.642511, -0.513598, 0.297446, 
0.000384635, -0.992361, -0.000365417, -0.12337, 
0.704901, 0.457176, -0.0579058, 0.539214, 
0.312163, 0.227647, -0.634443, -0.669487, 
0.705061, 0.63464, 0.0536732, -0.311833, 
0.367923, 0.000274186, -0.929855, 0.00155737, 
0.419471, 0.176358, 0.570031, -0.68411, 
0.01334, 0.635084, -0.00126205, 0.772327, 
0.396138, 0.585895, -0.585312, 0.396499, 
0.999412, 0.000280209, -0.0342624, -0.00112762, 
0.0333696, 0.000399448, 0.999443, 0.000968973, 
0.995621, -0.00609332, 0.0932819, -0.000378754, 
0.0432967, 0.529772, 0.705647, -0.46854, 
0.902612, 0.00417522, 0.43043, -0.00182479, 
0.202986, -0.0730069, 0.677308, -0.703364, 
0.408923, 0.593952, -0.576819, 0.383775, 
0.145533, 0.391776, -0.692169, 0.588416, 
0.506124, 0.707029, 0.493836, 0.00863565, 
0.127998, 0.000167456, -0.991774, -0.00112992, 
0.0004644, -0.746263, -0.00103053, 0.66565, 
0.522244, 0.662264, -0.476643, 0.24795, 
0.000145702, -0.420962, -0.000482499, 0.907078, 
0.285206, 0.02546, 0.64502, -0.70849, 
0.0997505, -0.406294, -0.70035, 0.578347, 
0.0400992, 0.563581, -0.17207, 0.806945, 
0.914786, 0.00434689, 0.403914, -0.000639342, 
0.613985, -0.682314, 0.350236, -0.186559, 
0.397353, -0.00109707, -0.917665, -0.000903807, 
0.600721, 0.69613, -0.373192, 0.123553, 
0.70281, 0.621108, 0.0816796, -0.337063, 
0.0596545, -0.206926, 0.704195, -0.676559, 
0.219802, -0.000134022, 0.975535, 0.00428351, 
0.516381, 0.300842, 0.478248, -0.643524, 
0.230059, -0.635278, 0.668791, 0.310184, 
0.864142, -0.00126449, 0.503245, -0.00134767, 
0.706706, 0.65369, 0.00798315, -0.270539, 
0.661971, 0.292733, -0.248553, 0.643679, 
0.731128, -0.000306131, 0.68224, -0.000693994, 
0.13581, 0.384571, -0.692688, 0.594848, 
0.000383827, -0.383415, 0.000183454, -0.923576, 
0.000243947, -0.617356, -0.000935535, 0.786683, 
0.35496, 0.103439, 0.611313, -0.699714, 
0.909546, -0.000240767, 0.415602, 0.000402467, 
0.472375, -0.196086, -0.526228, -0.679335, 
0.639441, 0.705255, -0.303042, 0.0435309, 
0.36133, 0.557804, -0.609714, 0.431907, 
0.00121576, -0.936504, 0.00280624, -0.350643, 
0.121311, 0.370113, -0.697088, 0.601971, 
0.443401, 0.206859, 0.551062, -0.67597, 
0.47834, 0.250864, 0.520752, -0.661117, 
0.000375726, 0.856335, -0.000370398, -0.516421, 
0.0106102, -0.64429, -0.0242449, -0.764324, 
0.00162639, 0.952503, -0.000180214, 0.304525, 
0.610997, -0.000717317, 0.791632, 0.000401435, 
0.726383, -0.00227075, -0.687284, 0.00180785, 
0.377391, -0.156089, -0.598149, 0.689514, 
0.04166, 0.30039, -0.705737, 0.640285, 
0.00150729, 0.148037, -0.00817433, -0.988947, 
0.328103, -0.000847715, -0.94464, 0.00146575, 
0.686662, 0.604996, 0.169383, 0.365766, 
0.000960065, 0.575346, 0.000316886, 0.817909, 
0.000423752, -0.0131668, 0.00324026, 0.999908, 
2.96894e-05, 0.183647, 0.00135484, -0.982991, 
0.342933, 0.0892508, 0.618251, -0.701567, 
0.0763413, 0.33245, -0.703614, 0.623359, 
0.000240334, 0.537122, 0.000113074, -0.843505, 
0.653337, 0.707092, -0.27036, 0.00880919, 
0.999606, 0.00206045, 0.0279934, -0.000485671, 
0.988425, -0.00465385, 0.15164, 0.000630558, 
0.0463198, -0.00201941, 0.998925, 8.12649e-05, 
0.706584, -0.480666, -0.0269675, -0.518626, 
0.0832632, 0.337776, -0.702056, 0.621363, 
0.702379, 0.620306, 0.0820778, -0.339334, 
0.704882, 0.674524, -0.0520524, -0.213189, 
0.703912, -0.376008, -0.0685511, 0.598688, 
0.684893, 0.359336, -0.17639, 0.60884, 
0.0477915, -0.217243, 0.705659, -0.672731, 
0.000201747, 0.97298, 0.000729538, 0.230888, 
0.000590479, -0.648564, -0.00174639, 0.761158, 
0.000162115, -0.233183, 0.000184765, 0.972433, 
0.961608, 0.00068459, 0.274427, -3.1914e-05, 
0.210112, -0.0555719, 0.67492, -0.705158, 
8.34812e-05, 0.980998, -0.000324154, 0.194018, 
0.565689, 0.681845, -0.425254, 0.18505, 
0.000338646, 0.933286, 0.000512757, 0.359133, 
0.676157, 0.624434, 0.207159, 0.33163, 
0.302536, 0.51665, -0.639613, 0.482121, 
0.217161, -0.0495653, 0.675128, -0.703269, 
0.679201, 0.556162, 0.196916, -0.43657, 
0.997511, -0.00228496, 0.070466, 0.00049713, 
 
All first contact impulses are: 
-0.0173108, 0.00378701, 0.384088, -1.39594, 2.61841, -0.088732, 
0.00458967, -0.00127936, -0.104587, -0.651557, -0.197157, -0.026181, 
-0.120244, -0.0209552, -0.0279763, -1.15184, 1.74416, 3.64426, 
-0.0454639, -0.143675, -0.118862, 0.0288932, -2.31946, 2.7926, 
0.182534, -0.176735, -0.0776985, -0.2631, 1.02777, -2.95588, 
0.111875, -0.213081, -0.106681, -1.76565, -1.41623, 0.977122, 
-0.0745397, 0.144894, 0.0418564, -4.02026, -1.80085, -0.925482, 
0.0639857, 0.170528, 0.144658, -1.63578, -0.378405, 1.16962, 
0.0806925, 0.080642, -0.0287827, -1.87002, 3.16438, 3.62321, 
0.065189, -0.0995105, -0.308674, -3.03589, -3.06132, 0.345758, 
-0.0457099, -0.0978443, -0.0642444, -3.2278, 1.29268, 0.327832, 
-0.00169513, -0.0294316, -0.0651032, 0.514273, 0.0683794, -0.044303, 
0.0116823, 0.0409852, -0.041792, 1.80287, 1.48053, 1.95591, 
-0.000944922, 0.0145205, 0.0100343, -0.56531, -0.929934, 1.29246, 
-0.0728351, -0.222941, -0.193176, 3.13105, -0.599641, -0.488494, 
0.15349, -0.0114542, 0.0629993, -0.590392, 2.44077, 1.88218, 
-0.0867325, 0.0187143, -0.0443432, -1.22962, 1.57237, 3.06864, 
0.0306433, 0.0394824, -0.0172577, -1.27071, 2.19626, 2.76833, 
-0.0876007, 0.22046, -0.240236, 2.91772, -1.03071, -2.00979, 
0.0621563, 0.122266, -0.0204677, -1.30727, 0.551297, -0.676693, 
-0.0212004, -0.0682878, 0.0714917, 2.83536, 1.41363, 2.19108, 
0.0174343, 0.0961929, -0.327654, 2.32488, 2.80071, 0.945941, 
-0.0407491, -0.0535678, 0.0819225, 3.10631, 1.52473, 2.54211, 
0.0148854, 0.122389, 0.0927367, -2.11521, -2.37569, 3.47483, 
-0.00689864, -0.0736896, 0.0638548, 0.878416, -3.03393, -3.40631, 
0.0952496, 0.0667454, -0.0136576, -1.5278, 2.78244, 2.94292, 
0.0681759, -0.0726494, 0.0970339, 0.233507, -2.40769, -1.9667, 
-0.0210661, -0.00507592, 0.370562, -0.396676, 2.05115, 0.00554576, 
-0.174195, 0.00185026, -0.0774973, 0.805527, 3.161, -1.73515, 
-0.0827518, -0.0469499, -0.259308, 4.21821, -1.60019, -1.89877, 
0.00715704, -0.0251437, 0.108296, -3.56299, -1.24002, -0.0524319, 
-0.0493048, -0.0404678, -0.0592001, 1.0972, 3.3784, -3.2232, 
-0.167898, -0.206483, 0.111394, -0.284196, -1.65949, -3.50442, 
0.156494, 0.174891, -0.0427507, 1.95024, -1.01515, 2.98616, 
0.0461417, -0.0940774, 0.0179405, -3.00335, -1.41197, 0.320219, 
-0.10403, -0.156518, 0.0950025, 0.109921, -2.11989, -3.37218, 
0.0291484, 0.0335865, -0.0552208, 2.00638, 1.70573, 2.09653, 
-0.08747, -0.0309661, -0.0679101, 0.39486, 2.14792, -1.48801, 
0.0661803, -0.0878075, -0.111383, 2.54996, 1.83189, 0.0709539, 
0.0372768, 0.0776756, -0.0536702, 1.37697, -1.68054, -1.47583, 
-0.036856, -0.159031, -0.213298, 4.51175, -1.18939, 0.107196, 
0.0106649, -0.0254715, 0.0103545, 0.429431, 0.162943, -0.0414715, 
0.107676, -0.178706, 0.0122794, 2.48394, 1.5741, 1.12698, 
0.0146224, 0.0478951, 0.186501, -1.72715, 1.79608, -0.325833, 
0.0366203, 0.0202902, -0.233827, 1.49837, 1.91832, 0.401125, 
-0.0112105, 0.0213962, 0.0102491, -1.37163, -0.63457, -0.175563, 
0.0806261, 0.0292568, 0.0100511, 1.40771, -3.01645, -2.51183, 
-0.0426471, -0.114566, -0.123536, 0.407986, 3.28669, -3.18889, 
0.0248543, -0.074776, -0.311212, 3.95008, -0.418983, 0.416136, 
0.0735964, -0.127697, -0.19496, -1.73648, -1.84304, 0.55166, 
-0.101277, 0.214376, -0.118232, -1.34193, -1.26213, -1.13898, 
0.0322029, -0.0593806, -0.0502521, -3.97297, -2.23775, 0.098254, 
-0.0987918, 0.211865, -0.142813, -0.275309, -0.851717, -1.07309, 
-0.239985, 0.0595122, -0.128218, -1.5482, 0.532053, 3.14472, 
-0.128732, 0.258006, -0.00543139, -2.57961, -1.31696, -1.41901, 
-0.00514911, -0.0287167, -0.184185, -3.86871, 1.01343, -0.0498517, 
-0.0362778, 0.0752469, -0.026914, -1.51513, -0.892136, -0.451991, 
-0.0635756, 0.123476, 0.0367528, -3.31359, -1.47303, -0.78306, 
0.0246114, 0.011003, -0.0342286, 2.51756, 1.90656, 2.42308, 
-0.174173, -0.0667926, 0.138905, 0.436828, -1.21725, -0.037578, 
0.128502, -0.207625, -0.123448, 1.11766, 1.17607, -0.814593, 
-0.0905432, 0.0143653, 0.107272, 1.1817, -1.50294, 1.19869, 
0.00734533, 0.0631297, 0.047716, -1.45476, -1.9552, 2.81073, 
0.0164861, -0.0413415, 0.0836944, -3.70387, -1.43346, 0.0215142, 
-0.0502093, -0.0814399, 0.189785, -2.56686, 2.23235, 0.278856, 
-0.0235156, -0.0970917, -0.22553, 1.43892, 3.65891, -1.92488, 
-0.00800612, 0.0779702, 0.064271, 1.09099, -1.1558, 1.53805, 
-0.0823286, -0.136922, 0.0693377, 1.02841, -0.860892, -0.478929, 
-0.121568, -0.167911, 0.188063, -0.0381626, -0.921235, -0.847188, 
0.0123824, -0.0418121, 0.170473, -1.59206, 0.0563374, 0.129457, 
0.183862, -0.344051, -0.0591844, 2.22397, 1.40791, -1.27546, 
0.0402697, -0.116675, -0.126485, 2.96429, -1.13296, 1.98884, 
0.0616422, 0.111745, -0.115395, -0.167047, -0.49345, -0.567077, 
-0.151292, -0.22217, 0.133204, -0.459381, -1.74531, -3.43276, 
0.0332053, -0.0311742, -0.0104083, -1.16122, -2.5306, 3.8749, 
-0.0443864, -0.170456, 0.134785, -0.528081, -1.63953, -2.24735, 
-0.0136559, -0.0335491, -0.0623729, -3.42181, 1.39904, -0.0033453, 
0.0549346, 0.145409, -0.162722, 1.66451, 2.19449, 2.52294, 
0.0040628, 0.129712, 0.303967, 0.829102, -1.93439, 0.814383, 
-0.0674713, -0.115872, 0.190708, -0.294525, 1.1008, 0.564632, 
-0.0260904, 0.047424, 0.0245563, -1.35454, -2.21796, 2.84424, 
-0.0799139, -0.161556, -0.0172797, -1.87137, 0.849288, 0.714211, 
0.187389, 0.0990927, -0.0038559, -1.33716, 2.59721, 1.76221, 
-0.0754711, -0.0587286, 0.230534, 2.85607, -2.5807, 0.277571, 
-0.0782425, -0.253971, -0.106883, 3.09587, -1.37003, 1.1916, 
-0.019996, 0.0225129, 0.0436977, 2.24198, 0.902499, 0.560959, 
0.148418, -0.157497, -0.348348, 0.630409, 2.05695, -0.661405, 
0.00228105, 0.192882, 0.176384, 2.55053, 1.57338, -1.75353, 
0.0850983, -0.177373, 0.0717609, -4.08475, -1.68357, 0.682625, 
0.166711, -0.049928, 0.0303886, 0.836104, 1.06444, -2.83799, 
-0.181366, -0.0108085, -0.0726135, 1.16762, -0.882974, -2.78493, 
0.0220976, -0.0413335, -0.0286176, -1.64017, -0.963174, 0.124659, 
0.0895723, -0.190508, 0.0284076, 3.26365, 1.48979, -0.299808, 
-0.00193651, 0.10303, -0.0715183, 1.11946, 1.22309, 1.7317, 
-0.114861, 0.111419, -0.208226, 2.09457, 1.69586, 3.52281, 
0.0798746, -0.280931, 0.229192, 1.15215, 2.27953, 2.3926, 
0.0902862, -0.226378, 0.114515, 1.47288, 0.163863, -0.837317, 
-0.0372281, 0.0212188, 0.00186053, -1.1161, -2.19499, 2.70071, 
0.128601, -0.113282, 0.161439, -0.0878606, -3.05306, -2.07235, 
0.0596988, 0.06506, -0.0174916, 2.22076, -1.3639, 2.50644

PDD:
Final linear positions are: 
0.590885, 0.0968338, 1.01356, 
-0.827334, 0.212366, 0.0613776, 
-2.02266, 0.368245, -0.195094, 
-1.13283, 0.130529, 0.503821, 
0.305095, 0.111138, -0.646535, 
-0.657651, 0.116267, -0.0529057, 
-0.188819, 0.140199, -1.05589, 
-0.674412, 0.125726, -0.625915, 
0.471298, 0.108552, -1.16616, 
1.23918, 0.0937222, -0.387892, 
-0.992914, 0.101709, 0.0504205, 
-1.52997, 0.160916, -0.513286, 
-1.45817, 0.137235, -0.23502, 
0.522702, 0.160249, 0.062529, 
-0.0725384, 0.147777, -1.13539, 
-1.69335, 0.0898744, 0.94125, 
-1.16013, 0.182396, -0.899787, 
0.381233, 0.089908, -0.364358, 
-1.37649, 0.280561, 1.32112, 
-0.351685, 0.190313, 0.0916946, 
-0.978752, 0.0987657, 0.526659, 
0.710035, 0.131724, 0.156119, 
0.182698, 0.115073, 0.747282, 
-0.463047, 0.134464, 0.520955, 
1.29548, 0.232936, 0.277342, 
-0.236697, 0.192502, -0.0725348, 
-0.190006, 0.134665, 0.861182, 
-0.836059, 0.0898515, 0.629804, 
0.734774, 0.129089, 1.40541, 
0.0613163, 0.171532, 0.734652, 
0.0834285, 0.132895, -1.24534, 
-0.746564, 0.183776, 0.0908388, 
-0.861144, 0.201341, 1.30059, 
0.112481, 0.117914, -1.09058, 
-0.920604, 0.15561, 1.11574, 
-1.07336, 0.141246, -1.03604, 
0.0749839, 0.14383, -0.645676, 
0.00125675, 0.183566, -0.0497184, 
0.599138, 0.104887, 1.0137, 
0.415167, 0.129189, 0.995306, 
-0.668749, 0.185821, 0.583398, 
-0.171195, 0.124853, 0.00981793, 
-0.355911, 0.127411, -0.816075, 
-0.752248, 0.135232, -1.64989, 
0.0568159, 0.0887926, -0.508182, 
0.711944, 0.121269, -1.04923, 
-0.177399, 0.132233, 0.182237, 
-0.758178, 0.0978234, -0.937202, 
-0.277727, 0.155113, 0.757496, 
0.619118, 0.0991527, -0.217907, 
-0.480002, 0.160342, 0.243543, 
0.571052, 0.138395, -0.346443, 
-0.570843, 0.20442, 0.756273, 
1.55349, 0.219252, 2.05701, 
0.689709, 0.0890245, -0.842961, 
-0.635817, 0.112518, 0.0353026, 
0.15671, 0.134628, 0.169597, 
0.326748, 0.184597, 0.145504, 
-0.850247, 0.0943924, -0.877462, 
-0.666392, 0.158402, 0.602122, 
0.965863, 0.103154, 0.880395, 
0.81764, 0.199958, 0.968441, 
1.06894, 0.262317, -0.805044, 
0.176365, 0.143448, -0.898556, 
0.653012, 0.140655, -1.26805, 
-0.121305, 0.127684, 0.541159, 
-0.603324, 0.104621, 0.896722, 
-0.34422, 0.142292, 0.238823, 
1.43982, 0.143492, 1.63732, 
-0.694037, 0.141098, -0.772855, 
-0.43736, 0.114791, -1.60761, 
-0.0955172, 0.110787, -1.60847, 
-0.294687, 0.0917269, -0.985045, 
-0.800605, 0.121224, 0.46271, 
-1.43721, 0.146887, -1.30199, 
0.0073734, 0.100435, 0.0412564, 
1.9131, 0.0940659, 0.559552, 
0.278053, 0.169029, 0.637631, 
-1.36855, 0.159801, 0.391301, 
1.05593, 0.195438, 0.962862, 
0.180245, 0.162112, 1.04879, 
-1.57045, 0.183562, 0.205112, 
-1.16985, 0.124103, 1.13062, 
1.28924, 0.0859976, 0.584184, 
0.443432, 0.11638, -0.784553, 
-0.980333, 0.248512, -2.62993, 
-0.668414, 0.0950523, -0.816116, 
-1.23201, 0.110753, 1.22837, 
0.494211, 0.132271, 0.174935, 
1.99475, 0.171187, -0.321063, 
1.21004, 0.197246, -0.762096, 
0.561672, 0.132698, 0.316542, 
-2.1489, 0.124569, -0.344761, 
-0.743086, 0.151352, -0.0660994, 
-0.29395, 0.120379, -2.34548, 
-1.34159, 0.219068, -0.693355, 
-1.20113, 0.125198, -0.41723, 
0.54769, 0.101379, 0.185214, 
1.30658, 0.131385, -0.903541, 
-0.378414, 0.103932, 0.199672, 
 
All end orientation in quaternion in w x y z: 
0.728031, 0.446716, 0.284227, -0.435466, 
0.633897, -0.0544787, 0.0145723, -0.771359, 
0.495653, 0.461938, -0.697624, -0.232941, 
0.477523, -0.0823424, 0.869681, -0.0940598, 
0.694926, 0.598599, -0.170099, 0.36031, 
0.0482537, -0.0392817, 0.175162, -0.982572, 
0.927713, 0.320223, 0.163989, -0.0995676, 
0.756418, 0.50273, 0.0941619, 0.407709, 
0.148208, -0.610756, -0.562783, -0.536924, 
0.668005, 0.726525, -0.080664, -0.139373, 
0.00692743, -0.565622, 0.0355382, -0.823869, 
0.956286, -0.106358, 0.229002, 0.147527, 
0.0430279, -0.993842, 0.102095, 0.00170937, 
0.925987, -0.263946, 0.223608, 0.151262, 
0.97121, -0.177387, 0.105727, -0.118769, 
0.20723, 0.0126133, 0.680758, -0.702471, 
0.700253, 0.269106, 0.0384462, -0.660113, 
0.20462, 0.40181, -0.68853, 0.567983, 
0.136485, -0.501662, -0.747653, -0.413185, 
0.192363, -0.354627, 0.811805, -0.422148, 
0.638566, 0.750851, -0.140854, -0.0928233, 
0.287105, 0.760458, 0.0539755, -0.579967, 
0.187099, -0.120322, -0.67456, 0.703907, 
0.618448, 0.105499, -0.329107, 0.705748, 
0.476907, 0.157298, 0.300822, 0.810755, 
0.213837, 0.594893, -0.681834, -0.368075, 
0.849991, 0.164043, 0.446204, -0.226953, 
0.204009, 0.754079, 0.618771, 0.0828735, 
0.288998, 0.000569573, 0.929337, -0.229812, 
0.468742, -0.584974, -0.542687, -0.378917, 
0.917575, 0.356076, -0.150491, -0.0928391, 
0.691639, -0.534667, 0.385515, -0.295203, 
0.139211, -0.76134, -0.365006, 0.517448, 
0.245499, -0.164867, 0.690313, -0.660316, 
0.00458006, 0.111266, 0.893483, -0.43507, 
0.142098, -0.892632, 0.0272037, 0.426939, 
0.922585, 0.297554, -0.235015, 0.0711736, 
0.0498189, -0.824092, 0.386391, 0.411209, 
0.764551, 0.623916, -0.081265, -0.139954, 
0.0780804, -0.308541, -0.766578, 0.557731, 
0.60879, -0.0281725, 0.542028, -0.578607, 
0.314062, -0.0267076, 0.890917, -0.326985, 
0.579015, -0.411554, -0.0799832, 0.699262, 
0.727281, 0.59015, 0.335098, 0.102445, 
0.694137, -0.0239831, -0.700093, 0.165739, 
0.0244748, -0.945421, 0.0929045, -0.311365, 
0.189436, -0.112564, 0.969392, 0.10827, 
0.249311, 0.422846, -0.641734, 0.589256, 
0.396657, 0.80433, -0.0372972, 0.440824, 
0.338194, 0.0278129, 0.705608, -0.622068, 
0.440466, -0.0479446, -0.844874, 0.299798, 
0.284391, -0.0881611, -0.947322, -0.118028, 
0.410519, -0.165548, 0.500446, 0.744058, 
0.491535, -0.649668, -0.256227, 0.520262, 
0.581523, 0.338451, 0.402393, -0.620775, 
0.637403, 0.40415, -0.317291, 0.574201, 
0.669748, -0.696068, 0.203177, 0.160144, 
0.0108292, 0.856888, 0.227542, -0.46244, 
0.553713, 0.229455, 0.527698, -0.601903, 
0.10429, -0.0839919, -0.480261, -0.866844, 
0.00870434, -0.319152, 0.0284931, 0.947235, 
0.522426, -0.700147, -0.479304, -0.0844582, 
0.51516, -0.28807, -0.0710883, 0.804097, 
0.684349, -0.715922, 0.137616, 0.0135798, 
0.688823, -0.329511, -0.185952, -0.618358, 
0.143545, 0.279517, 0.735947, -0.599705, 
0.0152261, -0.108566, -0.295259, -0.949107, 
0.313553, -0.180578, 0.927876, 0.0901268, 
0.283987, 0.538392, -0.720053, 0.333179, 
0.0982067, -0.510813, 0.710797, 0.473491, 
0.198254, 0.601671, 0.673045, -0.381705, 
0.00942592, -0.384894, -0.136265, -0.912798, 
0.56902, 0.320288, 0.467465, -0.59591, 
0.0964514, -0.512209, -0.0373617, -0.852609, 
0.202126, -0.846711, 0.0761254, 0.48624, 
0.0982103, 0.885557, -0.0123349, 0.453863, 
0.704201, 0.687902, 0.0160475, -0.175028, 
0.0771271, -0.982408, 0.121003, -0.119516, 
0.141692, -0.886268, 0.130477, -0.421223, 
0.367908, -0.14917, 0.555616, 0.730536, 
0.0733547, 0.686462, 0.670574, -0.271515, 
0.965686, -0.00665621, 0.0212252, 0.258757, 
0.0148573, -0.819527, -0.120073, -0.560122, 
0.660436, 0.524387, 0.222024, -0.489436, 
0.395038, 0.414113, 0.33964, -0.746391, 
0.352387, 0.238954, 0.327679, 0.843416, 
0.564012, 0.572166, -0.550826, 0.22607, 
0.674525, 0.60931, 0.286006, -0.303246, 
0.136972, 0.0682335, 0.00136354, 0.988221, 
0.645281, -0.550463, 0.280951, -0.449077, 
0.307563, -0.44194, -0.810262, -0.231452, 
0.0746663, -0.124214, 0.986268, 0.0791876, 
0.961531, -0.020882, -0.265501, 0.0673148, 
0.649943, 0.289679, -0.0463284, 0.701081, 
0.188739, -0.0612494, 0.978994, 0.0468662, 
0.35513, -0.504202, -0.786112, 0.0411139, 
0.932157, -0.109367, -0.342196, -0.0449933, 
0.530739, -0.0155542, -0.840565, -0.107353, 
0.973079, 0.204078, -0.0168238, -0.105762, 
0.0211512, 0.834161, 0.0418246, -0.549526, 
 
All first contact impulses are: 
-0.0201934, -0.00494456, 0.354424, -1.48397, 2.51411, -0.0494756, 
0.00473676, -0.00171823, -0.111917, -0.723024, -0.198075, -0.0275601, 
-0.162216, -0.0316302, -0.0353412, -1.14205, 1.57727, 3.83034, 
-0.0732787, -0.10602, -0.1019, -0.21116, -2.46032, 2.71166, 
0.209866, -0.140716, -0.0325297, 0.0883155, 0.827226, -3.00861, 
0.115296, -0.220343, -0.102493, -1.81189, -1.41841, 1.01112, 
-0.0806954, 0.156976, 0.0441522, -4.02584, -1.79216, -0.98617, 
0.0846449, 0.134674, 0.126426, -1.42153, -0.314547, 1.28682, 
0.12086, 0.0695554, -0.00651805, -1.77444, 3.41852, 3.57732, 
0.0638195, -0.0990311, -0.286078, -3.1026, -2.98169, 0.340026, 
-0.0488881, -0.102925, -0.0514915, -3.21013, 1.34761, 0.354121, 
0.000394922, -0.0294126, -0.075506, 0.540913, 0.107074, -0.0388803, 
0.0117003, 0.0528193, -0.0502642, 1.87412, 1.58451, 2.10131, 
-0.000619698, 0.0172076, 0.0120698, -0.618773, -0.99615, 1.38841, 
-0.0704226, -0.218503, -0.194146, 3.28678, -0.672662, -0.435161, 
0.201956, 0.0149402, 0.0614557, -0.905527, 3.04017, 2.23667, 
-0.103952, 0.0106062, -0.0447015, -1.20047, 1.50692, 3.14921, 
0.0438034, 0.0402524, -0.0131076, -1.27001, 2.27788, 2.75099, 
-0.0940256, 0.152036, -0.180953, 2.39128, -1.16349, -2.22009, 
0.063597, 0.126657, -0.00536559, -1.3901, 0.668222, -0.702792, 
-0.0508841, -0.0415883, 0.0842246, 2.97033, 1.41872, 2.49505, 
0.0242716, 0.0762261, -0.311923, 2.4568, 2.78801, 0.87249, 
-0.0538734, -0.0383437, 0.0851098, 3.07581, 1.48314, 2.61513, 
0.0199798, 0.083689, 0.0669135, -1.87618, -2.41409, 3.57953, 
-0.0126575, -0.0648719, 0.0532211, 0.971841, -3.00811, -3.43549, 
0.108739, 0.0590711, -0.0033584, -1.58958, 3.11199, 3.2694, 
0.0886135, -0.050664, 0.086337, 0.391187, -2.50912, -1.87389, 
-0.0230702, -0.0101955, 0.359447, -0.465548, 2.03001, 0.0277002, 
-0.20099, 0.00713454, -0.0848734, 0.834271, 3.36601, -1.6927, 
0.00628244, -0.000386618, 0.0145246, 3.10156, -1.83595, -2.08125, 
0.0111867, -0.03179, 0.0941657, -3.56591, -1.31213, -0.0193467, 
-0.0460563, -0.0250055, -0.0436669, 1.23788, 3.34911, -3.22346, 
-0.199097, -0.176964, 0.0703773, 0.053564, -1.51467, -3.65711, 
0.210502, 0.195209, -0.0861032, 1.9946, -0.755711, 3.16302, 
0.050021, -0.101422, 0.0138013, -3.00943, -1.43571, 0.356639, 
-0.129344, -0.1226, 0.0526613, 0.455469, -1.96417, -3.45403, 
0.0382072, 0.0285097, -0.0613003, 2.00523, 1.74549, 2.06162, 
-0.0931974, -0.0255326, -0.0655739, 0.439381, 2.19024, -1.47729, 
0.0725667, -0.100079, -0.112635, 2.5498, 1.83808, 0.00956299, 
0.045115, 0.0631445, -0.0368973, 1.25417, -1.77039, -1.49628, 
-0.0315863, -0.148672, -0.213748, 4.53487, -1.19869, 0.163614, 
0.0119151, -0.025725, 0.00473683, 0.506456, 0.229544, -0.0273337, 
0.147731, -0.187085, -0.024651, 2.45154, 1.7987, 1.04087, 
0.0194184, 0.0565399, 0.17703, -1.71759, 1.74394, -0.368579, 
0.0427382, 0.00547834, -0.227387, 1.61259, 1.94323, 0.34991, 
-0.0106854, 0.0208985, 0.00472315, -1.40424, -0.678503, -0.174704, 
0.0926494, 0.0395102, 0.00619495, 1.4771, -3.0781, -2.45942, 
-0.049951, -0.0837986, -0.0988855, 0.656245, 3.29021, -3.11972, 
0.0264106, -0.071504, -0.310813, 3.98825, -0.440058, 0.440129, 
0.0801782, -0.140124, -0.202324, -1.76218, -1.89271, 0.612511, 
-0.107702, 0.228446, -0.130422, -1.36432, -1.33427, -1.21045, 
0.0326132, -0.0613513, -0.0387506, -4.00166, -2.19458, 0.106673, 
-0.108043, 0.229428, -0.133427, -0.315147, -0.824707, -1.1629, 
-0.310076, 0.0359446, -0.136416, -1.49918, 0.270047, 3.47882, 
-0.129625, 0.260362, -0.0111157, -2.57651, -1.34383, -1.43064, 
-0.0044491, -0.0272558, -0.183576, -3.8904, 1.02732, -0.0582413, 
-0.0430954, 0.0883136, -0.0212273, -1.55017, -0.881221, -0.519077, 
-0.0713263, 0.140333, 0.023191, -3.34994, -1.55902, -0.869165, 
0.0362664, 0.0029202, -0.0409426, 2.54262, 1.96803, 2.39258, 
-0.239457, -0.0970081, 0.18727, 0.451176, -1.54925, -0.225623, 
0.133508, -0.214358, -0.131644, 1.14851, 1.23248, -0.84209, 
-0.125257, -0.00587431, 0.130008, 1.50889, -1.87264, 1.36913, 
0.0158479, 0.0456364, 0.0382574, -1.35196, -1.93877, 2.87275, 
0.0124069, -0.0336125, 0.0879857, -3.71208, -1.41611, -0.017542, 
-0.0518856, -0.0840391, 0.197321, -2.57319, 2.2732, 0.291535, 
0.000327208, -0.0042688, 0.00895054, 1.80977, 3.08999, -2.11102, 
-0.00704723, 0.0717561, 0.058805, 1.1792, -1.17817, 1.57896, 
-0.0874021, -0.140365, 0.0860981, 1.0977, -0.979342, -0.482284, 
-0.127641, -0.178381, 0.192252, 0.0283136, -0.975415, -0.886244, 
0.00987729, -0.0368104, 0.170558, -1.60227, 0.0516541, 0.103938, 
0.201319, -0.36489, -0.0943731, 2.21277, 1.57825, -1.38189, 
0.0652435, -0.090504, -0.134549, 2.91999, -1.04967, 2.12197, 
0.0621622, 0.112638, -0.116869, -0.188126, -0.490284, -0.572594, 
-0.170593, -0.183055, 0.0888719, -0.0705927, -1.63626, -3.50581, 
0.0482675, -0.0238755, 0.000184462, -1.23527, -2.46686, 3.93627, 
-0.0505679, -0.130982, 0.0960891, -0.158447, -1.60489, -2.27106, 
-0.0140266, -0.0337902, -0.0573705, -3.43468, 1.43049, -0.00278331, 
0.0803289, 0.124157, -0.174751, 1.70973, 2.30482, 2.42347, 
-0.00182969, 0.116437, 0.300241, 0.842849, -1.92263, 0.750755, 
-0.0686247, -0.119309, 0.179407, -0.443271, 1.11867, 0.574379, 
-0.0326007, 0.0348489, 0.013249, -1.27933, -2.29368, 2.88514, 
-0.083514, -0.16747, -0.0044166, -1.82158, 0.888708, 0.746269, 
0.246221, 0.0933031, 0.0212912, -1.25605, 2.93792, 1.65088, 
-0.0864597, -0.0714957, 0.253559, 2.89757, -2.71658, 0.222035, 
0.00202383, 0.00691647, 0.0144879, 3.78148, -1.42839, 0.865064, 
-0.0237773, 0.0294603, 0.0452358, 2.23733, 0.892486, 0.594767, 
0.169137, -0.187925, -0.375871, 0.714566, 2.23664, -0.796713, 
0.00593829, 0.142651, 0.132382, 2.17228, 1.69693, -1.926, 
0.0920331, -0.190061, 0.05995, -4.09055, -1.74552, 0.745778, 
0.187176, -0.0495171, 0.0400642, 0.908457, 1.01563, -2.98895, 
-0.204454, -0.0275137, -0.0679213, 1.09633, -0.834242, -2.96221, 
0.0224672, -0.0413547, -0.0357977, -1.64749, -1.00274, 0.124399, 
0.0932759, -0.193365, 0.0170329, 3.24105, 1.53536, -0.318616, 
-0.00144354, 0.100945, -0.0705569, 1.11606, 1.21442, 1.71462, 
-0.00200166, 0.00256568, 0.0186362, 0.286731, 1.29507, 4.33877, 
0.115522, -0.21476, 0.194658, 0.733756, 2.42565, 2.24068, 
0.0977397, -0.240483, 0.112509, 1.71452, 0.294716, -0.85951, 
-0.049536, 0.0248689, 7.20399e-05, -1.12993, -2.25841, 2.66642, 
0.144214, -0.0735633, 0.132428, 0.229762, -3.10808, -1.97674, 
0.0825309, 0.0744741, -0.0352302, 2.24307, -1.26051, 2.59003