DART:

Starting positions are: 
-2.31512, 1.60602, -0.259809, 0, 0.45983, 0, 
-0.731978, 0.121997, 2.07952, 0, 0.310372, 0, 
-2.72161, -0.518451, 1.17353, 0, 0.476693, 0, 
-0.527792, 1.26412, 2.57812, 0, 0.528659, 0, 
1.61107, 3.08528, -0.846102, 0, 0.374112, 0, 
0.827085, 2.41719, -1.42811, 0, 0.430923, 0, 
-2.0954, -0.0847138, 2.49855, 0, 0.572762, 0, 
3.05766, -0.0378456, -1.46936, 0, 0.32722, 0, 
2.60009, 0.186908, -0.223393, 0, 0.582294, 0, 
-3.04189, 1.1841, 2.31376, 0, 0.488863, 0, 
-1.21692, -0.936099, 0.0834011, 0, 0.477334, 0, 
0.234388, -0.201581, -1.33698, 0, 0.353498, 0, 
-0.0095497, 2.86112, 1.56007, 0, 0.466375, 0, 
1.34906, -2.32209, -2.56988, 0, 0.382376, 0, 
-1.63419, -2.00499, -1.14643, 0, 0.566097, 0, 
-0.00162714, -2.21462, 0.54781, 0, 0.553673, 0, 
-0.573236, -2.25051, 0.40777, 0, 0.375638, 0, 
-1.13569, 0.812222, -2.34544, 0, 0.495376, 0, 
-1.86453, -2.96331, 2.52379, 0, 0.427949, 0, 
-2.56245, -2.12247, -2.69509, 0, 0.409602, 0, 
-0.299707, 1.94116, 2.71229, 0, 0.495494, 0, 
-0.180564, 0.0374219, 0.630792, 0, 0.545268, 0, 
2.04013, 1.1874, 1.2705, 0, 0.596144, 0, 
-2.4917, -0.540175, 0.482025, 0, 0.56297, 0, 
1.2977, 1.51875, -3.02163, 0, 0.565809, 0, 
1.05356, 1.14385, -1.88775, 0, 0.57499, 0, 
3.07476, -1.78737, -0.339145, 0, 0.39472, 0, 
-0.847237, -1.81258, 3.13604, 0, 0.346081, 0, 
1.42839, -1.13614, -0.516957, 0, 0.504748, 0, 
-2.54753, -2.62802, 1.65879, 0, 0.488872, 0, 
2.81201, -0.69207, -1.45007, 0, 0.507651, 0, 
-1.92286, -3.07049, -1.93633, 0, 0.594971, 0, 
-2.03022, 2.06311, -2.15054, 0, 0.596381, 0, 
1.23155, 1.85209, 1.23303, 0, 0.525882, 0, 
-1.13865, 1.2556, -2.40371, 0, 0.528771, 0, 
-2.24281, -2.12568, -0.0922046, 0, 0.558068, 0, 
0.179374, -1.18916, 0.553669, 0, 0.455425, 0, 
-0.151448, -0.704777, -1.38674, 0, 0.323479, 0, 
1.43639, 1.38713, 2.79446, 0, 0.438209, 0, 
-0.616802, 0.663754, 3.05679, 0, 0.345118, 0, 
-3.04766, -1.41868, 0.898363, 0, 0.463841, 0, 
1.21909, -0.278021, 1.99241, 0, 0.306625, 0, 
1.58154, 3.08839, 1.22949, 0, 0.383854, 0, 
-2.11692, 2.53402, 1.77809, 0, 0.524004, 0, 
0.276603, -0.692838, -1.78552, 0, 0.415731, 0, 
1.98506, -0.804815, 1.16931, 0, 0.393051, 0, 
-2.79427, -2.69778, -2.13456, 0, 0.517129, 0, 
-0.336216, -2.19716, -1.34496, 0, 0.550105, 0, 
3.05918, 0.266364, -3.13118, 0, 0.556858, 0, 
1.12678, 0.227871, -2.91799, 0, 0.336752, 0, 
-2.35033, 0.332143, 2.85275, 0, 0.407077, 0, 
1.96694, 2.50017, -1.60481, 0, 0.528185, 0, 
-1.82487, -2.42735, 0.295152, 0, 0.301824, 0, 
-0.78345, 2.11245, -2.36476, 0, 0.592004, 0, 
-1.56982, -0.881796, 1.69089, 0, 0.449987, 0, 
-1.69287, -1.74882, 0.39334, 0, 0.495787, 0, 
-2.09904, 1.53375, -2.13781, 0, 0.314292, 0, 
2.6014, -3.02884, 0.587765, 0, 0.516561, 0, 
-2.73095, -0.359459, 2.99821, 0, 0.440322, 0, 
-0.800982, 2.76288, 2.92075, 0, 0.376487, 0, 
-2.4807, 2.14619, -0.825848, 0, 0.427167, 0, 
2.11491, 1.25532, -0.697055, 0, 0.580572, 0, 
-1.63086, -2.61955, -0.492736, 0, 0.441714, 0, 
1.06073, 2.28483, -1.61006, 0, 0.513469, 0, 
1.85576, -0.054393, -3.12131, 0, 0.379836, 0, 
1.85892, 2.80258, -2.06619, 0, 0.4818, 0, 
2.10071, 1.42278, -1.0717, 0, 0.540625, 0, 
-2.75372, 0.121286, 2.69643, 0, 0.366155, 0, 
-1.49679, 1.32934, -0.764248, 0, 0.360193, 0, 
-0.348596, -2.92644, 0.149362, 0, 0.309492, 0, 
0.229514, -0.435937, -0.605818, 0, 0.596197, 0, 
3.1265, 0.876651, -0.200592, 0, 0.579574, 0, 
2.79759, 2.019, -2.1651, 0, 0.312322, 0, 
0.386314, 2.24232, 0.106237, 0, 0.502357, 0, 
-0.968416, -2.72508, -2.25748, 0, 0.576335, 0, 
1.20088, 1.64836, 1.34269, 0, 0.323197, 0, 
2.08134, 2.63414, 0.638608, 0, 0.517151, 0, 
-1.42471, 0.197464, 1.24758, 0, 0.500115, 0, 
0.449767, 0.5585, -0.36874, 0, 0.345365, 0, 
-1.12694, -2.92131, -1.60132, 0, 0.332154, 0, 
1.70922, 0.0826144, -0.0836848, 0, 0.495038, 0, 
0.214876, -1.40337, 0.663116, 0, 0.384031, 0, 
0.612461, 1.77816, 2.64052, 0, 0.504447, 0, 
-1.56186, 0.951994, -3.11134, 0, 0.580781, 0, 
-2.36908, -0.5248, 1.27217, 0, 0.430947, 0, 
-1.27508, 1.61868, -1.01467, 0, 0.399228, 0, 
2.98042, 2.29091, -0.0512661, 0, 0.410218, 0, 
-0.200425, -0.75016, 2.41089, 0, 0.42724, 0, 
2.49855, 2.63575, 2.52093, 0, 0.531014, 0, 
2.27214, -1.39991, 2.3216, 0, 0.476059, 0, 
0.501791, 1.56542, 2.39254, 0, 0.401425, 0, 
1.32018, 2.3817, -0.883545, 0, 0.326956, 0, 
1.96693, 2.37625, 1.69244, 0, 0.490562, 0, 
-0.737523, 1.17859, -2.37668, 0, 0.323047, 0, 
2.99005, 0.809065, 1.13851, 0, 0.572607, 0, 
-0.00860443, -0.10133, -0.309542, 0, 0.449897, 0, 
-2.63691, 2.96866, -0.576938, 0, 0.371523, 0, 
-1.01084, 0.475506, -0.375307, 0, 0.475702, 0, 
-2.20673, 1.06938, 3.11269, 0, 0.50942, 0, 
-3.08122, -0.127055, 0.873727, 0, 0.493949, 0, 
 
Starting velocities are: 
-8.43122, -13.5887, 5.36594, 0.896482, 0, 2.17346, 
-13.3962, 0.891006, 5.13448, -2.46151, 0, -0.582922, 
12.9131, 10.385, 0.807863, -2.04018, 0, 0.769595, 
-7.12641, -13.5761, 7.08246, -0.858829, 0, 0.663193, 
14.4765, 6.67981, 7.60068, 0.757593, 0, -2.13657, 
7.99484, -0.668047, -7.86677, -1.12547, 0, -0.703675, 
-13.1831, 12.1396, 0.135687, 0.0814598, 0, -0.904835, 
13.4329, -12.7875, 0.0212128, -0.579289, 0, -1.11459, 
-13.4975, 7.84543, 8.10614, 1.63909, 0, -1.87317, 
7.08674, 6.76236, 14.9837, 1.94286, 0, -1.33403, 
10.3794, -2.63758, 10.2453, -1.15341, 0, -0.423027, 
-10.3884, 2.14964, 9.07217, -2.33473, 0, 0.172249, 
11.7221, 3.74548, 10.2612, -1.70116, 0, -1.43624, 
-14.91, -2.5712, -14.1937, 1.0491, 0, 2.18949, 
4.56176, -10.4899, 5.44039, -0.570926, 0, -0.561373, 
2.70326, 13.6623, 1.68438, -1.75924, 0, 2.41653, 
-0.344564, -1.07908, 13.8329, -1.86985, 0, -1.50121, 
3.64902, 9.09219, -7.56475, -0.117841, 0, -0.553429, 
-10.7394, 13.4246, -2.69061, -1.84406, 0, 1.92824, 
-7.40828, -10.9467, 8.4946, -0.223464, 0, -0.752379, 
-8.54255, 5.38777, 12.2677, -1.24937, 0, 1.8043, 
7.67531, -1.13265, 13.541, 0.663693, 0, -0.303348, 
13.6324, 10.5381, -6.32051, 0.187129, 0, 0.0721733, 
-1.79884, 6.89243, 11.0779, 1.07821, 0, 1.5036, 
0.749622, -1.10032, -13.0442, 1.06711, 0, -0.0552842, 
10.9765, 11.7006, 1.31845, -1.80403, 0, -0.248263, 
0.439784, 11.4451, -1.80823, -0.162341, 0, 1.53325, 
3.91465, 3.49051, -14.9821, -2.49561, 0, 1.36676, 
5.41686, -8.84214, 10.0926, 1.0446, 0, 1.64354, 
-8.58443, -8.5936, -12.5682, -0.555884, 0, 2.2608, 
-6.47895, 8.30597, 8.51596, -0.387701, 0, -1.08922, 
-7.67837, 9.59178, -10.9064, -0.509282, 0, 0.505051, 
-7.28494, -7.99202, -11.9509, -1.40295, 0, 0.673587, 
5.08562, 4.0029, -13.3068, 0.491083, 0, -1.36496, 
0.783698, 1.61734, 2.63967, -0.851668, 0, 1.01495, 
9.39797, 1.70507, 7.1699, -0.919963, 0, -1.82334, 
-2.07457, -7.23472, -3.89321, -0.534912, 0, -0.26567, 
-3.90774, -7.38233, 5.15352, 0.881185, 0, 0.0696819, 
13.2049, -5.3532, -1.18697, 0.0857266, 0, 0.806777, 
5.10295, -4.68547, 1.25131, 0.114039, 0, 1.64619, 
12.5354, -7.0016, 14.1026, -1.26633, 0, 1.71988, 
-10.1775, 6.2085, 6.23479, -0.316808, 0, 0.412106, 
7.61588, -9.86463, -14.8724, -0.0215446, 0, -2.10042, 
-1.90723, -14.8097, 2.54362, 0.0923921, 0, -2.16575, 
3.80584, 4.7716, 6.2796, 0.193306, 0, -1.09856, 
-14.7196, -11.8861, 0.628802, 1.3794, 0, -1.39657, 
-6.08934, -13.4819, -0.66587, -0.214191, 0, 0.0999424, 
5.86912, 2.33328, 5.43493, -0.844125, 0, -2.21262, 
-14.1193, -3.67349, -0.310449, 0.380865, 0, 1.19479, 
14.2007, -9.35173, -4.46044, 0.570628, 0, 0.538057, 
10.143, 14.2276, -7.22957, -1.24236, 0, -0.378321, 
5.84569, -1.44446, -7.09139, 0.827517, 0, -1.91714, 
-9.72077, 2.98078, -2.04275, -2.08747, 0, 0.937072, 
-14.1109, -12.5894, -0.172661, 1.34719, 0, 2.17015, 
7.47755, 5.1571, 5.44997, 1.28385, 0, -2.31816, 
3.49831, -3.85603, -8.25596, -1.33154, 0, 0.765058, 
4.85981, -11.2517, 13.4747, -0.0790977, 0, 0.605228, 
-0.10254, -13.3892, -1.75102, 0.0958743, 0, 1.35972, 
-5.12832, -1.6221, 7.29822, -1.47329, 0, -1.6431, 
-12.8899, -11.2845, 0.790135, -1.69958, 0, 0.0885361, 
-5.18317, 6.4064, 2.30328, 1.85942, 0, 1.29123, 
3.16808, -4.13749, 1.18514, -0.224638, 0, -0.491539, 
-6.30701, -11.8509, -8.50842, 1.51009, 0, 0.137195, 
-7.09011, -3.51535, -12.5698, -0.201186, 0, -1.33567, 
4.94066, -2.24427, -9.39526, 2.31738, 0, -1.8298, 
-13.0859, -4.57525, -6.22596, 0.0482911, 0, 1.62918, 
3.9529, -13.6398, -13.7574, -1.73342, 0, 1.33533, 
-8.86311, -12.3302, 5.99073, 1.03231, 0, -0.0268454, 
-8.02177, -1.91711, -0.915045, 1.80594, 0, 2.38619, 
7.59521, 2.74765, 9.68673, -0.852106, 0, -1.33961, 
14.0073, 10.5159, 11.0254, -0.941974, 0, -1.75805, 
5.72318, 9.4622, 1.24604, 0.364033, 0, -1.70392, 
-4.6916, -11.6994, -12.1039, 0.0938664, 0, -2.38797, 
7.11525, 5.95381, -14.316, -1.54008, 0, 0.854955, 
-8.35031, -3.59656, 2.58047, -1.66344, 0, -2.3683, 
2.69428, 12.7651, 12.8909, -0.34777, 0, 0.0298481, 
0.580099, -0.27549, -10.1574, 2.38058, 0, 0.371801, 
-12.077, 1.46209, 3.32213, 0.839827, 0, -0.0243733, 
0.0682419, 6.94091, -14.0503, -2.24192, 0, 0.110317, 
-3.51094, 1.55488, 2.91506, 0.555553, 0, 2.17626, 
5.90987, -2.77387, -0.394515, -0.101086, 0, 1.05225, 
6.10108, 0.914687, 13.1476, -1.32299, 0, -0.432529, 
9.63532, 0.82239, -8.09191, -1.78158, 0, 1.99761, 
-6.73941, 10.763, -6.63214, 2.26215, 0, 0.0340998, 
-11.7678, 7.98524, -12.004, -0.293674, 0, -0.777118, 
-13.3318, 2.19549, -0.441419, -1.48759, 0, -1.92763, 
9.14737, -10.1339, -10.2126, -2.21139, 0, -1.75374, 
-2.63256, 4.53884, -5.75018, -2.19929, 0, 1.57208, 
-9.87611, 2.17326, -14.0579, 1.51634, 0, 0.111073, 
-3.32484, 9.35686, 0.770107, 2.19936, 0, -0.39981, 
-9.31354, 7.29378, 6.56758, 1.89581, 0, -2.13565, 
-10.1691, -2.49611, -12.1071, 0.873464, 0, 0.313058, 
11.8957, 11.3524, -0.405879, -1.93465, 0, -0.612577, 
-10.7009, -0.670777, 6.25764, -1.3099, 0, -0.545167, 
-4.128, 10.7764, 8.82834, -0.355634, 0, -2.13245, 
7.22276, 12.9853, -5.99635, -1.76902, 0, -1.94991, 
13.8948, 10.0042, -9.0576, -1.85259, 0, -1.51846, 
-2.01368, -3.95392, -3.53049, 0.500663, 0, -0.352636, 
-2.9178, 10.4783, 9.58582, 1.46691, 0, -0.628753, 
4.34694, 8.97104, -3.67908, -0.711641, 0, -0.552498, 
 
Final linear positions are: 
0.273164, 0.110794, 0.8297, 
-0.846792, 0.0593946, -0.0792863, 
-0.795778, 0.0618714, 0.278426, 
-0.264055, 0.0594797, 0.215257, 
0.00654351, 0.0594503, -0.605081, 
-0.406469, 0.0593459, -0.107159, 
-0.00315336, 0.0599079, -0.60074, 
-0.244678, 0.0596475, -0.357398, 
0.757056, 0.0604229, -0.680043, 
0.630873, 0.0599992, -0.339318, 
-0.61114, 0.0603136, -0.108542, 
-1.41293, 0.111781, -0.24793, 
-0.778576, 0.0583329, -0.518473, 
0.258269, 0.0594763, 0.585631, 
-0.337457, 0.0604206, -0.135311, 
-0.781488, 0.0599375, 0.838235, 
-0.722028, 0.0584896, -0.508915, 
0.11148, 0.0599989, -0.244726, 
-0.515872, 0.0582973, 0.511562, 
-0.27771, 0.0603175, -0.335929, 
-0.500073, 0.111655, 0.805991, 
0.18818, 0.147834, -0.0848861, 
-0.0285695, 0.0589476, 0.0832204, 
0.417058, 0.0594198, 0.700585, 
0.599468, 0.0600723, -0.148918, 
-0.586084, 0.0588417, -0.0863773, 
-0.12784, 0.0600275, 0.442598, 
-0.910819, 0.0593251, 0.409541, 
0.362059, 0.0598126, 0.508042, 
-0.154224, 0.0602341, 0.682904, 
-0.278311, 0.0598023, -0.608832, 
-0.160663, 0.0571059, 0.197686, 
-0.459182, 0.0601927, 0.246246, 
0.234884, 0.0617247, -0.661123, 
-0.223185, 0.151404, 0.369461, 
-0.444061, 0.059327, -0.655378, 
-0.25221, 0.110869, -0.143781, 
0.247507, 0.110912, -0.000935023, 
-0.150654, 0.0600304, 0.357135, 
0.00985467, 0.059694, 0.303991, 
-0.428254, 0.0595699, 1.09608, 
-0.108766, 0.05884, 0.26771, 
-0.0615819, 0.0600111, -0.647555, 
-0.0272434, 0.0595237, -0.932635, 
-0.070001, 0.0596, -0.195754, 
0.325324, 0.111644, -0.347249, 
0.12077, 0.0591748, -0.101928, 
-0.307031, 0.0600365, -0.716805, 
-0.061719, 0.110974, 0.418289, 
0.200202, 0.0600619, 0.0683766, 
-0.325197, 0.1101, -0.100651, 
0.158204, 0.0601191, -0.672051, 
-0.5714, 0.0587085, 0.217861, 
0.611539, 0.0593506, 1.09916, 
0.276159, 0.0600375, -0.720084, 
-0.576117, 0.0600297, 0.314661, 
-0.0665229, 0.0618437, 0.148762, 
0.346342, 0.0588147, 0.551252, 
-0.461038, 0.110082, -0.455394, 
-0.415074, 0.0619276, 0.0871222, 
0.546261, 0.0600544, 0.347778, 
-0.233935, 0.0600588, -0.291883, 
0.49534, 0.11103, -0.1248, 
-0.114398, 0.0594511, -0.6047, 
0.842561, 0.0600695, -0.585848, 
0.13123, 0.0617964, 0.707111, 
-0.995482, 0.0596683, 0.765417, 
0.216904, 0.0598981, 0.0487781, 
0.92909, 0.0594388, 0.596944, 
-0.294426, 0.0599993, -0.403719, 
-0.455377, 0.0599322, -0.601137, 
0.460006, 0.0593712, -0.532609, 
-0.00911019, 0.0599439, -0.70286, 
-0.520592, 0.0589221, 0.442473, 
-1.29396, 0.0598356, -1.37317, 
-0.171423, 0.111474, -0.0492838, 
1.29108, 0.151799, 0.301951, 
0.330335, 0.058739, -0.166378, 
-0.47538, 0.11113, 0.0195621, 
0.0899166, 0.0595394, 0.618366, 
-0.0359913, 0.110052, 0.280548, 
-0.500319, 0.0599782, -0.0515458, 
-0.609058, 0.0595363, 0.52523, 
1.09194, 0.0599136, 0.0566738, 
-0.155211, 0.0590514, -0.107762, 
-0.503824, 0.108877, -1.26775, 
-0.615225, 0.0601311, -0.486317, 
-0.740312, 0.11111, 0.542735, 
0.436744, 0.111778, 0.0508797, 
0.641547, 0.0603643, -0.106793, 
0.721178, 0.0598638, -0.562327, 
0.394688, 0.059283, 0.208027, 
-0.596724, 0.0596602, -0.169064, 
-0.296698, 0.0602534, -0.0947121, 
-0.145932, 0.111159, -0.888232, 
-0.659848, 0.0613815, -0.828391, 
-0.443706, 0.0613191, -0.372246, 
0.108859, 0.0602292, -0.232172, 
0.427737, 0.0610489, -0.103472, 
-0.252637, 0.0600782, -0.245887, 
 
All end orientation in quaternion in w x y z: 
0.00110039, -0.162203, -0.00667083, -0.986734, 
0.664576, 0.664801, -0.23899, 0.243441, 
0.63797, 0.62575, 0.321399, -0.313262, 
0.40901, -0.408485, -0.579661, -0.57432, 
0.663553, 0.663741, -0.242056, 0.246077, 
0.429643, -0.422577, -0.564068, -0.564502, 
0.445339, -0.44891, 0.547468, 0.548116, 
0.230201, 0.230537, -0.666734, 0.670318, 
0.492605, -0.490891, -0.509098, -0.507134, 
0.326991, -0.326543, -0.625613, -0.628534, 
0.699563, -0.700967, -0.0978205, -0.0984279, 
0.986155, -0.0154835, -0.165084, -0.00245405, 
0.6014, -0.596529, 0.375901, 0.375726, 
0.529373, 0.526364, 0.471619, -0.469341, 
0.675441, -0.677539, -0.205309, -0.206322, 
0.138738, 0.126857, 0.699906, -0.689051, 
0.680054, 0.670454, 0.211357, -0.208198, 
0.606005, -0.606469, -0.363729, -0.364218, 
0.680117, 0.679699, -0.198571, 0.189786, 
0.704244, 0.699339, 0.0879316, -0.0850476, 
0.00948183, -0.655252, -0.0108929, -0.755273, 
0.71407, 0.0699362, -0.0601611, -0.693969, 
0.415652, 0.423208, -0.56703, 0.571495, 
0.101957, -0.105679, -0.695997, -0.702869, 
0.28744, -0.287811, -0.646152, -0.645779, 
0.686352, 0.715283, 0.0984062, -0.087222, 
0.283696, -0.283767, -0.647601, -0.64777, 
0.150857, -0.150341, -0.689592, -0.692173, 
0.619855, -0.625459, -0.329966, -0.340152, 
0.146364, 0.146675, -0.691018, 0.692501, 
0.50237, -0.501573, -0.498509, -0.497532, 
0.25954, -0.250785, 0.656973, 0.661916, 
0.707702, 0.706453, -0.00643422, 0.00642868, 
0.414112, 0.420707, -0.566237, 0.575232, 
0.486308, -0.512867, 0.519687, -0.479997, 
0.635131, 0.636144, -0.311296, 0.308259, 
0.218147, 0.00160648, 0.975888, -0.00717298, 
0.46524, 0.00361439, -0.885151, 0.00686479, 
0.306777, -0.306692, 0.637211, 0.637017, 
0.621759, 0.620004, 0.338897, -0.337874, 
0.697284, -0.701678, -0.102116, -0.104955, 
0.399894, -0.392956, -0.584171, -0.586868, 
0.181583, 0.181617, 0.683312, -0.683468, 
0.383295, -0.385186, -0.594283, -0.592911, 
0.554067, -0.558283, 0.436966, 0.436337, 
0.0129909, -0.922611, 0.00543438, 0.385475, 
0.67515, 0.669966, -0.219236, 0.217379, 
0.69252, 0.691996, 0.144249, -0.144045, 
0.989432, 0.00842913, 0.144746, -0.00125642, 
0.575881, -0.576215, -0.409957, -0.41021, 
0.961831, 0.000674406, -0.273642, 9.6214e-05, 
0.493589, -0.494264, -0.505714, -0.506286, 
0.414667, 0.4087, 0.578435, -0.571339, 
0.3248, -0.320423, -0.631146, -0.627287, 
0.418638, 0.418491, -0.570021, 0.56981, 
0.652888, -0.653091, -0.271252, -0.271351, 
0.701491, 0.712651, -0.00466455, 0.00418209, 
0.493686, 0.500146, 0.499956, -0.506134, 
0.970148, 0.000842643, -0.242514, 0.000176214, 
0.0256007, 0.0263196, -0.713713, 0.699475, 
0.706154, 0.706578, -0.0323674, 0.0323547, 
0.149618, -0.149688, 0.690857, 0.691321, 
0.395673, -0.00384724, -0.918344, -0.00845393, 
0.25523, -0.253991, -0.661382, -0.657967, 
0.584147, -0.583742, -0.398914, -0.398604, 
0.430616, -0.437786, 0.552894, 0.563224, 
0.367672, 0.366534, 0.605801, -0.602889, 
0.131224, -0.132834, 0.696028, 0.693311, 
0.469933, -0.47243, -0.52535, -0.529131, 
0.67688, 0.676876, -0.20454, 0.204539, 
0.634953, 0.638835, -0.303258, 0.311062, 
0.702264, 0.710997, -0.0286661, 0.0220661, 
0.53328, 0.533669, -0.462783, 0.465448, 
0.633178, -0.639532, 0.306649, 0.309921, 
0.582973, -0.582065, 0.401402, 0.400275, 
0.965953, 0.0121469, -0.258413, 0.00325069, 
0.195398, -0.685792, -0.678948, 0.174754, 
0.370215, -0.376075, -0.602024, -0.599229, 
0.00223009, -0.232145, -0.00933511, -0.972634, 
0.0457701, -0.045039, 0.703456, 0.707832, 
0.000538456, -0.927409, -0.000238873, -0.374049, 
0.661884, -0.656172, -0.260749, -0.251712, 
0.432987, 0.439969, -0.554499, 0.558105, 
0.134325, 0.132399, 0.695216, -0.693616, 
0.583819, 0.586683, -0.398727, 0.394938, 
0.00234699, 0.733076, 0.007441, 0.680101, 
0.180643, 0.180749, -0.684543, 0.682714, 
0.00443558, 0.40424, -0.0099361, 0.914588, 
0.999676, -0.0152488, 0.0203643, 0.000310328, 
0.70066, 0.704566, 0.0787052, -0.0804192, 
0.535875, -0.538574, -0.458726, -0.46081, 
0.220235, 0.225842, 0.670693, -0.671314, 
0.289395, -0.289796, 0.643017, 0.647146, 
0.428046, -0.4289, -0.561875, -0.563133, 
0.0077857, -0.764065, -0.00659879, -0.645059, 
0.218967, -0.212811, -0.679003, -0.667623, 
0.150344, 0.149014, 0.695764, -0.686371, 
0.450866, -0.451815, -0.54373, -0.544922, 
0.708078, -0.703356, 0.0451699, 0.043315, 
0.00329172, -0.0032381, -0.706789, -0.707409, 
 
All first contact impulses are: 
-0.115112, 0.112799, 0.0849666, 1.73543, 0.682108, 1.4456, 
0.0535081, 0.0151746, -0.102753, -2.07097, 0.864156, -0.950827, 
-0.0347544, 0.0558266, -0.0172886, -2.41547, -1.90781, -1.30481, 
-0.0577411, -0.0956294, 0.0309806, -0.591802, 0.64051, 0.874103, 
-0.0928125, 0.00554385, 0.224367, -1.85676, 0.158047, -0.771981, 
0.0374363, -0.00619671, -0.105485, 2.17679, -0.886583, 0.824621, 
0.000884633, -0.00229712, 0.0020019, 1.85338, 1.34657, 0.726146, 
0.0544961, -0.0108648, 0.156523, -0.130597, 1.14197, 0.124738, 
0.000948137, -0.0831762, 0.0791088, -2.42516, 2.31255, -0.619837, 
-0.0618107, -0.184435, 0.183914, 0.742109, 0.689374, 0.940738, 
0.0168849, 0.0705174, -0.0869964, -1.90313, 0.818103, 0.293765, 
0.0269857, -0.016793, -0.0362122, 0.721805, 0.775354, 0.178334, 
0.00132184, -0.0878747, -0.157943, 0.569561, 1.46924, -0.812672, 
-0.0911803, 0.144146, -0.0343477, -0.432093, -0.545603, -1.14268, 
0.00441665, 0.0125148, 0.0341457, -2.28262, -1.44062, 0.823253, 
-0.0308065, -0.0467117, 0.00824908, 2.19336, -1.65363, -1.17276, 
-0.0222511, 0.0448331, 0.0271621, -2.3887, -1.58108, 0.65288, 
-0.0180796, 0.0163825, 0.0751457, -0.920035, 1.17416, -0.477332, 
-0.0259962, -0.054191, 0.0353591, 0.411515, -0.539515, -0.524307, 
0.0310595, -0.0584511, -0.028742, -1.47366, -1.26644, 0.982999, 
0.0748553, -0.0699211, -0.0601754, 2.32086, 2.09661, 0.450872, 
0.0218616, -0.0149224, 0.0272595, -0.913183, -0.48825, 0.465075, 
0.0769374, -0.0302476, -0.137051, 1.83613, 2.25455, 0.533178, 
0.000851587, 0.0759843, 0.138037, -1.60915, 2.11557, -1.15461, 
-0.03171, -0.00812562, 0.0647021, -2.09972, 1.96694, -0.782038, 
0.0179661, 0.0811953, 0.105856, 0.149406, 0.598205, -0.484203, 
0.0261268, 0.0771452, 0.0775684, 0.975132, -1.21432, 0.879246, 
0.0359919, 0.0576128, 0.194797, 1.7256, -0.0421466, -0.306368, 
-0.0814837, 0.134472, -0.0429017, 0.229893, 0.454707, 0.988604, 
-0.012406, -0.220624, -0.116027, -0.311091, 1.39251, -1.37244, 
0.031291, 0.00328028, -0.0715099, -1.66109, 0.744988, -0.692677, 
-0.0964579, -0.078638, -0.106075, -1.54069, 0.416049, 1.09257, 
0.0459757, 0.219566, -0.095071, 0.29848, -0.717076, -1.36039, 
-0.0561161, 0.016332, -0.170403, -2.36273, 0.596586, 0.83526, 
0.00105645, 0.0204028, 0.0466299, -2.27243, -1.35455, 0.771832, 
0.0117265, 0.0608715, 0.0825532, -1.64127, 1.7578, -1.06299, 
0.0236753, 0.00573864, -0.0686325, 1.31898, 1.4223, 0.573916, 
-0.040767, -0.0356028, 0.0378328, -1.0372, 1.00338, -0.173398, 
0.0280032, 0.0554164, 0.030266, -0.712653, 0.715853, -0.651339, 
0.000744794, -0.0181733, 0.0347698, 1.60855, -1.38379, -0.757731, 
-0.0274109, -0.00615445, 0.0796785, -2.38, -1.21522, -0.912628, 
-0.0373992, 0.0901122, 0.072937, 1.37873, 0.529425, 0.0528662, 
0.0610879, -0.0156804, 0.125249, 2.09774, 0.699689, -0.935537, 
-0.0730654, -0.0768755, -0.041785, -1.54779, 0.855587, 1.13237, 
0.00264724, 0.0197552, -0.0290279, -2.02082, 1.26824, 0.67882, 
0.0873708, -0.0580974, -0.114654, -1.93087, -2.15828, -0.377757, 
0.0289157, 0.0487185, 0.0157275, 1.72654, -1.3444, 0.990171, 
0.0291784, 0.0221761, -0.0324739, -1.39997, 0.819894, -0.697997, 
0.0349919, 0.102821, -0.100598, -2.636, 1.25699, 0.367855, 
-0.0494996, -0.114966, 0.0894065, -1.03083, 1.34959, 1.16469, 
-0.0313631, 0.0527544, 0.173876, -0.406901, 1.45572, -0.515063, 
0.0330643, -0.0999946, -0.109017, -1.46235, -1.81753, 1.22359, 
-0.0501796, -0.0670907, -0.00389541, 0.352256, -0.229356, -0.587473, 
0.0411755, -0.00114719, 0.100585, -2.48856, -1.15238, 1.00557, 
0.0240195, 0.131343, 0.181025, 0.131847, 1.11255, -0.824707, 
0.0754689, -0.0384792, -0.119959, -1.25464, -1.70953, -0.240958, 
-0.0127184, 0.00874985, 0.0156789, -1.2101, -0.791637, -0.539827, 
-0.0106525, -0.0292913, -0.0269661, -2.18553, 1.42147, -0.680678, 
0.0247604, -0.0114387, 0.0828207, -0.275777, 0.754079, 0.186596, 
-0.073462, -0.126973, 0.048486, -0.0390051, -0.295244, -0.832269, 
0.0876463, -0.103745, 0.0277791, 0.0513953, -0.149826, -0.721705, 
0.000711373, 0.0171982, -0.0296483, 2.22328, -1.43158, -0.777078, 
0.0448244, 0.0923954, 0.00710562, -2.30367, 1.68858, 0.429656, 
0.0411048, -0.0183716, -0.0687644, -1.89295, -1.85002, -0.637271, 
-0.0154928, 0.0516112, -0.0556619, 0.551987, 0.775563, 0.565484, 
0.0506708, -0.0458544, -0.211035, -2.08703, 0.108563, -0.524697, 
-0.0816126, -0.0121853, -0.227376, 0.64277, 1.9883, -0.337265, 
-0.0244926, -0.0419812, -0.140316, 1.03847, 1.70348, -0.690936, 
-0.0837379, -0.0178433, 0.176836, -0.941487, -0.490983, -0.495367, 
-0.0419678, -0.0150751, 0.132537, -1.3982, -0.143421, -0.459052, 
-0.0663194, 0.0257897, 0.215832, -0.366632, 1.71055, -0.317049, 
0.028161, 0.00423146, -0.0622732, 2.13943, -1.16014, 0.888656, 
0.0885043, 0.112898, -0.0145344, -0.601445, 0.358369, -0.988835, 
0.0383848, -0.101441, -0.0903825, -1.67995, -1.85051, 1.36347, 
-0.0414581, -0.0275027, -0.0530852, -1.78971, 0.96005, 0.900322, 
-0.0680245, -0.0649396, 0.0523194, -1.20725, 1.22823, -0.0451437, 
0.0145272, -0.0147886, -0.00921181, -2.2072, -1.67958, -0.78438, 
-0.00577343, 0.0616254, -0.127799, -2.10609, 0.694974, 0.430265, 
0.0763566, -0.0108581, 0.210726, -0.806469, -0.856985, 0.248067, 
-0.0173168, 0.0448443, -0.0379099, 0.800776, 0.832254, 0.618703, 
-0.0275907, -0.0167356, -0.098754, -1.30812, -1.59796, 0.636274, 
-0.0446019, 0.02101, -0.0729791, -1.32, -1.45543, 0.387724, 
0.0660843, -0.121703, -0.0579031, -0.444386, 0.0601605, -0.633621, 
0.040141, 0.0799432, 0.0470633, -0.948885, 1.01358, -0.912377, 
0.0780008, -0.0265529, -0.146883, 1.31992, 1.93729, 0.350715, 
-0.0139575, 0.0351691, -0.0036616, 1.56903, -1.13532, 0.780488, 
0.0997958, 0.0564546, -0.159379, -1.02147, -0.328818, -0.756069, 
0.0333858, 0.0500936, 0.176289, 1.44333, -0.124294, -0.23802, 
0.0672512, 0.0237425, 0.127068, -1.80233, 2.11671, 0.558387, 
0.0772713, -0.11813, -0.0242175, -0.299991, -0.0573724, -0.677331, 
-0.0374272, -0.0192486, -0.129322, 0.881779, 1.50696, -0.479494, 
-0.00384517, -0.0533187, -0.10516, -1.1237, -1.52164, 0.812601, 
-0.023388, 0.124409, -0.170651, -0.783582, 0.564409, 0.518858, 
-0.0525426, 0.100733, -0.0535721, 1.08846, 1.1556, 1.10535, 
-0.00463906, 0.0410094, -0.0641081, -2.10553, -1.9708, -1.10834, 
-0.0248793, -0.12403, 0.168716, 1.14567, -1.98633, -1.29129, 
0.12848, -0.158085, 0.0313537, -0.602071, -0.651003, -0.815206, 
0.0190537, -0.0085311, 0.032393, -1.91063, -1.19068, 0.810261, 
0.0129737, -0.0508235, -0.0622989, -0.792304, -0.984414, 0.63809, 
0.0343053, 0.0484454, 0.00369018, 1.36943, -1.03515, 0.858883, 


Ours: 
Final linear positions are: 
0.264369, 0.110101, 0.83797, 
-0.844841, 0.0586873, -0.0822093, 
-0.765752, 0.0598433, 0.306901, 
-0.264667, 0.0581326, 0.214933, 
0.0660364, 0.109972, -0.690777, 
-0.427841, 0.059928, -0.108832, 
-0.00506489, 0.0597421, -0.598625, 
-0.199765, 0.0591707, -0.384912, 
0.761342, 0.0587616, -0.649958, 
0.643412, 0.0593735, -0.298176, 
-0.603787, 0.0598861, -0.0641489, 
-1.40708, 0.109972, -0.290521, 
-0.873381, 0.109985, -0.544002, 
0.296236, 0.0592642, 0.503373, 
-0.340901, 0.0586773, -0.140157, 
-0.775959, 0.0580877, 0.869934, 
-0.711639, 0.0583533, -0.518701, 
0.00904613, 0.109978, -0.184304, 
-0.5157, 0.0572353, 0.513075, 
-0.283027, 0.0594994, -0.345679, 
-0.704717, 0.0598562, 0.706201, 
0.188997, 0.1469, -0.0858944, 
-0.0331793, 0.0590014, 0.0908096, 
0.427088, 0.0587952, 0.698095, 
0.528453, 0.059178, -0.155011, 
-0.585965, 0.0578201, -0.0861584, 
-0.127221, 0.0599799, 0.381992, 
-0.91273, 0.0597778, 0.390301, 
0.358674, 0.0595545, 0.506814, 
-0.159055, 0.0570146, 0.662066, 
-0.188143, 0.0589147, -0.659704, 
-0.161069, 0.0577198, 0.198609, 
-0.464758, 0.0575458, 0.235593, 
0.253396, 0.0590557, -0.639035, 
-0.229586, 0.149995, 0.356388, 
-0.465047, 0.0584145, -0.669479, 
-0.263964, 0.109992, -0.131225, 
0.237055, 0.109991, -0.00833161, 
-0.142531, 0.0588829, 0.372611, 
0.045389, 0.0594112, 0.253552, 
-0.446821, 0.0577882, 1.01571, 
-0.124928, 0.0591432, 0.277375, 
-0.0594139, 0.0593372, -0.643838, 
-0.0294835, 0.0594297, -0.932655, 
-0.078185, 0.0594557, -0.191119, 
0.322258, 0.109417, -0.350426, 
0.122576, 0.0596429, -0.113439, 
-0.310876, 0.0595592, -0.666158, 
-0.0663786, 0.10999, 0.417393, 
0.196678, 0.0586339, 0.0669936, 
-0.339292, 0.109977, -0.10227, 
0.155304, 0.0594493, -0.665276, 
-0.506135, 0.058254, 0.227563, 
0.937533, 0.0585308, 1.15349, 
0.261372, 0.0597934, -0.724984, 
-0.572665, 0.0595311, 0.322435, 
-0.0685841, 0.0589449, 0.147798, 
0.190748, 0.111793, 0.545666, 
-0.458539, 0.109726, -0.46536, 
-0.415794, 0.0591395, 0.0868092, 
0.550383, 0.0594258, 0.3479, 
-0.231642, 0.0597347, -0.289146, 
0.494886, 0.109982, -0.134248, 
-0.118441, 0.0579158, -0.616755, 
0.695553, 0.109975, -0.572353, 
0.139441, 0.0598764, 0.688978, 
-1.00746, 0.0585416, 0.718917, 
0.177026, 0.0593899, 0.0553872, 
0.912343, 0.0577742, 0.636831, 
-0.306521, 0.0585887, -0.398258, 
-0.45742, 0.0590704, -0.600525, 
0.439494, 0.0569585, -0.599817, 
-0.00777724, 0.0598074, -0.675897, 
-0.518964, 0.058724, 0.441586, 
-1.2951, 0.0595952, -1.37749, 
-0.182636, 0.10997, -0.0522555, 
1.30806, 0.151558, 0.337707, 
0.264426, 0.0585229, -0.145073, 
-0.495224, 0.109485, -0.0139785, 
0.086023, 0.0595802, 0.586895, 
-0.0379583, 0.10964, 0.28101, 
-0.504226, 0.0576585, -0.0749099, 
-0.589466, 0.0592094, 0.563631, 
1.07517, 0.058852, 0.062837, 
-0.153969, 0.058619, -0.124347, 
-0.521769, 0.109968, -1.27836, 
-0.594204, 0.0573096, -0.461035, 
-0.897324, 0.0588221, 0.440095, 
0.438434, 0.109984, 0.0557822, 
0.64267, 0.0597437, -0.106085, 
0.733087, 0.0587186, -0.556531, 
0.412651, 0.0597944, 0.217708, 
-0.59315, 0.05702, -0.163003, 
-0.299023, 0.0587751, -0.0959013, 
-0.124511, 0.109962, -0.917669, 
-0.658557, 0.0593641, -0.828896, 
-0.445155, 0.0589117, -0.375174, 
0.0990535, 0.0594713, -0.231479, 
0.425379, 0.05768, -0.110434, 
-0.264981, 0.0589836, -0.250633, 
 
All end orientation in quaternion in w x y z: 
0.000232434, 0.00608678, 0.00172669, 0.99998, 
0.670336, 0.67912, -0.205316, 0.217465, 
0.608497, 0.611832, 0.357515, -0.357178, 
0.408618, -0.407493, -0.579417, -0.575549, 
0.986571, -0.000197888, -0.163331, -3.17045e-05, 
0.427208, -0.426845, -0.57018, -0.556948, 
0.451156, -0.450696, 0.547176, 0.542153, 
0.264238, 0.262461, -0.652348, 0.660102, 
0.471471, -0.475874, -0.520792, -0.529183, 
0.3544, -0.355379, -0.611544, -0.611653, 
0.70703, -0.702533, -0.0560668, -0.0584098, 
0.980406, 0.000173239, -0.196988, 2.18564e-05, 
0.00020349, 0.727955, 0.000124746, -0.685624, 
0.588733, 0.605473, 0.378496, -0.378861, 
0.681683, -0.683256, -0.187586, -0.182431, 
0.1321, 0.129691, 0.698694, -0.691055, 
0.682925, 0.676733, 0.196638, -0.1923, 
0.922956, -0.000242524, -0.384904, -3.14299e-05, 
0.6826, 0.677822, -0.196196, 0.190058, 
0.703986, 0.699921, 0.085134, -0.0852446, 
0.379045, -0.379898, -0.59996, -0.593339, 
0.712719, 0.0651796, -0.061682, -0.695686, 
0.425744, 0.429611, -0.561159, 0.565046, 
0.102355, -0.100288, -0.694519, -0.70506, 
0.371697, -0.370051, -0.604066, -0.600007, 
0.688756, 0.713957, 0.0966497, -0.0808677, 
0.211762, -0.204859, -0.678262, -0.673165, 
0.122324, -0.122094, -0.69699, -0.695942, 
0.613789, -0.621061, -0.338056, -0.35109, 
0.159115, 0.146966, -0.684273, 0.696315, 
0.703251, 0.696718, -0.10052, 0.0995842, 
0.253045, -0.254949, 0.658206, 0.661614, 
0.715271, 0.698436, 0.0120084, -0.0207628, 
0.374359, 0.368544, -0.604302, 0.599041, 
0.426253, -0.564093, 0.564241, -0.426308, 
0.651002, 0.650149, -0.278758, 0.275312, 
0.272335, 9.17245e-05, 0.962203, -0.000116129, 
0.424115, 0.000140841, -0.905608, 0.00010909, 
0.294123, -0.294015, 0.64519, 0.640919, 
0.657486, 0.656036, 0.261895, -0.262184, 
0.709127, -0.698332, -0.0696485, -0.067979, 
0.398566, -0.400298, -0.584544, -0.582421, 
0.15308, 0.147124, 0.682724, -0.699149, 
0.319261, -0.316396, -0.633245, -0.630053, 
0.543793, -0.541866, 0.457122, 0.449121, 
0.0052236, 0.927988, -0.000272197, -0.372574, 
0.685782, 0.683486, -0.176985, 0.176711, 
0.698299, 0.693217, 0.129459, -0.122751, 
0.996114, -0.000166246, 0.0880742, -7.97828e-05, 
0.557399, -0.566549, -0.427985, -0.430299, 
0.955971, 3.96479e-05, -0.29346, 4.29384e-06, 
0.523516, -0.517648, -0.479166, -0.477883, 
0.391191, 0.386094, 0.590136, -0.591303, 
0.447965, 0.445902, -0.547775, 0.548125, 
0.40642, 0.406803, -0.577913, 0.579095, 
0.648575, -0.640411, -0.289149, -0.292605, 
0.71026, 0.70364, -0.0149976, 0.0140029, 
0.675842, 0.013408, 0.736774, -0.0149, 
0.977765, 0.000806503, -0.209699, 0.000460784, 
0.0121823, 0.00307018, 0.703325, -0.710758, 
0.707896, 0.703546, -0.044852, 0.0435309, 
0.163196, -0.165498, 0.691161, 0.684306, 
0.42829, -6.47389e-05, -0.903641, -0.000136162, 
0.247878, -0.254119, -0.659589, -0.662513, 
0.77096, -0.000128882, -0.636884, -3.81518e-06, 
0.394191, -0.394283, 0.587508, 0.586505, 
0.41453, 0.406492, 0.579857, -0.571572, 
0.117336, -0.114715, 0.700382, 0.69465, 
0.412785, -0.415284, -0.570623, -0.575793, 
0.678686, 0.666227, -0.217296, 0.219794, 
0.622656, 0.622658, -0.333265, 0.336943, 
0.712303, 0.698295, -0.0474152, 0.0525353, 
0.560293, 0.562094, -0.426278, 0.434061, 
0.632648, -0.629848, 0.317257, 0.319994, 
0.544475, -0.54453, 0.449037, 0.45321, 
0.966376, 6.15905e-05, -0.257133, 1.86154e-05, 
0.0458494, -0.706622, -0.705616, 0.0262636, 
0.441147, -0.438037, -0.554359, -0.553352, 
0.00334952, -0.362356, -0.00545114, -0.932018, 
0.0866162, -0.0872338, 0.701181, 0.702305, 
0.00164895, -0.925104, -0.000510218, -0.379709, 
0.665989, -0.657268, -0.250868, -0.248036, 
0.395674, 0.408154, -0.578732, 0.584741, 
0.120901, 0.130775, 0.692793, -0.698799, 
0.594129, 0.593533, -0.380748, 0.386988, 
3.17501e-05, -0.795085, 1.959e-05, -0.606497, 
0.171261, 0.167926, -0.692679, 0.680196, 
0.305838, -0.302738, -0.641581, -0.63497, 
0.999873, -8.01913e-05, 0.0159364, 4.37866e-05, 
0.703094, 0.70249, 0.0773376, -0.0786488, 
0.53889, -0.540273, -0.457408, -0.456596, 
0.223596, 0.223844, 0.670115, -0.67145, 
0.298398, -0.305365, 0.631406, 0.647331, 
0.439189, -0.438766, -0.552194, -0.556489, 
5.73816e-05, -0.810188, 3.20027e-05, -0.58617, 
0.219399, -0.222554, -0.675894, -0.667458, 
0.16028, 0.147731, 0.68063, -0.699449, 
0.440081, -0.442552, -0.552221, -0.552746, 
0.696723, -0.71673, 0.0176296, 0.0237558, 
0.0941891, -0.104872, 0.707274, 0.692744, 
 
All first contact impulses are: 
-0.115112, 0.112793, 0.0849769, 1.73476, 0.68155, 1.4453, 
0.0521057, 0.0150129, -0.10274, -2.07884, 0.83955, -0.931624, 
-0.0338155, 0.056177, -0.0184524, -2.40459, -1.88638, -1.33635, 
-0.0589559, -0.0948429, 0.026489, -0.60054, 0.61699, 0.872502, 
-0.0929246, 0.00462842, 0.223826, -1.84791, 0.137042, -0.770019, 
0.0375026, -0.00648863, -0.105652, 2.17348, -0.889534, 0.826133, 
0.000925453, -0.00231222, 0.00192544, 1.8534, 1.34633, 0.725947, 
0.0539026, -0.0116977, 0.156202, -0.137937, 1.1425, 0.13316, 
-0.0016679, -0.0826521, 0.0774774, -2.41673, 2.29542, -0.612086, 
-0.0615294, -0.184204, 0.183883, 0.724754, 0.694403, 0.938123, 
0.0173865, 0.0703581, -0.0855237, -1.90537, 0.827116, 0.293095, 
0.026683, -0.0161502, -0.0370988, 0.726249, 0.779908, 0.182831, 
0.00146374, -0.087946, -0.157575, 0.571556, 1.46964, -0.814929, 
-0.0916431, 0.142893, -0.0328622, -0.454229, -0.552183, -1.13431, 
0.00443835, 0.0127632, 0.0344951, -2.27971, -1.44182, 0.826795, 
-0.027756, -0.0441727, 0.0115932, 2.20922, -1.69739, -1.17817, 
-0.0263277, 0.0490833, 0.0241668, -2.45026, -1.63575, 0.652883, 
-0.0179587, 0.0164375, 0.0750322, -0.920912, 1.17555, -0.477948, 
-0.0254216, -0.0544863, 0.0363375, 0.420519, -0.550631, -0.53145, 
0.0315412, -0.0586467, -0.028666, -1.47244, -1.2709, 0.979954, 
0.0751108, -0.0696359, -0.0601112, 2.31137, 2.09575, 0.46031, 
0.0208396, -0.0142332, 0.0260048, -0.918858, -0.500464, 0.462431, 
0.0766794, -0.0297964, -0.137072, 1.83281, 2.25787, 0.534482, 
0.000974526, 0.0762852, 0.13742, -1.61703, 2.10195, -1.15538, 
-0.0320195, -0.00811543, 0.0651706, -2.09271, 1.96913, -0.782982, 
0.0161925, 0.0838259, 0.1132, 0.170613, 0.629547, -0.490594, 
0.0254495, 0.0762369, 0.0761438, 0.984376, -1.2295, 0.901996, 
0.035669, 0.057544, 0.19467, 1.72205, -0.0349638, -0.305193, 
-0.0814234, 0.134304, -0.0426648, 0.235172, 0.456892, 0.989426, 
-0.0124699, -0.217713, -0.11477, -0.169159, 1.3855, -1.40424, 
0.0312081, 0.00392947, -0.0708162, -1.66604, 0.749656, -0.692613, 
-0.0969752, -0.0743564, -0.106118, -1.57518, 0.447679, 1.12578, 
0.0457658, 0.218886, -0.098785, 0.239932, -0.671217, -1.36327, 
-0.0561495, 0.0163149, -0.170285, -2.36166, 0.596653, 0.835897, 
-0.00310857, 0.0257623, 0.0487917, -2.23158, -1.31003, 0.703716, 
0.0115576, 0.0608839, 0.0827264, -1.64301, 1.75638, -1.0631, 
0.0229212, 0.0058463, -0.0680213, 1.32669, 1.42638, 0.56965, 
-0.0408805, -0.0356492, 0.0368443, -1.03918, 1.0077, -0.178012, 
0.0325674, 0.0598934, 0.028386, -0.701833, 0.703917, -0.680022, 
0.000260231, -0.0176273, 0.0329673, 1.61295, -1.40261, -0.762694, 
-0.0275355, -0.0060802, 0.0799857, -2.37962, -1.21181, -0.911312, 
-0.0369717, 0.0899976, 0.0725664, 1.38113, 0.529055, 0.0475309, 
0.0612791, -0.0152928, 0.125161, 2.09323, 0.70063, -0.939245, 
-0.0726324, -0.0761991, -0.0418826, -1.55278, 0.859486, 1.12911, 
0.00266496, 0.02003, -0.0300593, -2.01577, 1.27784, 0.672775, 
0.086294, -0.0563573, -0.112413, -1.94276, -2.17411, -0.401389, 
0.0295352, 0.0474986, 0.0132428, 1.72866, -1.35597, 1.00812, 
0.0279679, 0.0201213, -0.0330307, -1.42969, 0.828234, -0.706017, 
0.0350313, 0.10276, -0.100815, -2.63322, 1.25893, 0.368221, 
-0.0485847, -0.114966, 0.0893097, -1.02937, 1.35027, 1.17819, 
-0.0300894, 0.0533467, 0.173026, -0.422573, 1.46339, -0.524673, 
0.0304274, -0.100057, -0.107369, -1.48094, -1.80181, 1.25942, 
-0.0479251, -0.0637819, -0.0028792, 0.363662, -0.247491, -0.570677, 
0.041148, -0.00132302, 0.100445, -2.48719, -1.15431, 1.0037, 
0.0239546, 0.13127, 0.180775, 0.127004, 1.11203, -0.824332, 
0.0754268, -0.0380113, -0.118879, -1.25722, -1.71449, -0.24948, 
-0.0121737, 0.00800066, 0.0157663, -1.21732, -0.787591, -0.540265, 
-0.0106311, -0.0292202, -0.0269927, -2.18452, 1.42203, -0.679005, 
0.0247256, -0.0113564, 0.082634, -0.27824, 0.754936, 0.187006, 
-0.0736555, -0.12666, 0.0480705, -0.0294723, -0.298857, -0.832608, 
0.0867868, -0.103715, 0.0268235, 0.0800819, -0.120097, -0.723464, 
0.000641131, 0.017054, -0.0296629, 2.22282, -1.43231, -0.775433, 
0.0410333, 0.0909475, 0.00756037, -2.33169, 1.71099, 0.465748, 
0.0411331, -0.01853, -0.0688612, -1.89343, -1.84759, -0.633839, 
-0.0153426, 0.050364, -0.0539777, 0.567189, 0.77579, 0.562636, 
0.0509159, -0.0452075, -0.21017, -2.08328, 0.126606, -0.53193, 
-0.0814754, -0.0125895, -0.226769, 0.646917, 1.9862, -0.342697, 
-0.02467, -0.0424815, -0.139558, 1.04023, 1.69322, -0.699302, 
-0.0858529, -0.0215258, 0.175168, -0.91421, -0.497368, -0.509189, 
-0.0413378, -0.0157267, 0.132177, -1.40367, -0.148179, -0.456624, 
-0.0671213, 0.0257969, 0.215098, -0.378249, 1.71137, -0.323279, 
0.0279893, 0.00447036, -0.0617775, 2.1431, -1.15975, 0.887041, 
0.0867212, 0.109652, -0.0311174, -0.641308, 0.317338, -0.980185, 
0.0380472, -0.101741, -0.0914071, -1.68711, -1.84659, 1.35312, 
-0.0406683, -0.0272086, -0.0517883, -1.79277, 0.969443, 0.898499, 
-0.0683907, -0.0650196, 0.0517741, -1.20548, 1.22918, -0.0487303, 
0.0145139, -0.0147607, -0.0092235, -2.20657, -1.67964, -0.784222, 
-0.00570754, 0.0617318, -0.127444, -2.10715, 0.695622, 0.431317, 
0.074994, -0.0126981, 0.210765, -0.751318, -0.854132, 0.215874, 
-0.0175542, 0.0442411, -0.0372231, 0.809188, 0.841558, 0.618615, 
-0.0269682, -0.0162732, -0.0972546, -1.3225, -1.6182, 0.637489, 
-0.0446708, 0.0211743, -0.0728574, -1.32022, -1.45387, 0.386925, 
0.0660866, -0.121699, -0.057899, -0.444302, 0.0601721, -0.633608, 
0.0394874, 0.0797206, 0.0474359, -0.957002, 1.01804, -0.914271, 
0.0775369, -0.0256117, -0.146887, 1.31428, 1.94305, 0.354967, 
-0.00684, 0.0413725, 0.000765783, 1.62831, -1.20914, 0.857392, 
0.102812, 0.0525623, -0.160665, -1.01983, -0.323223, -0.758347, 
0.0332559, 0.0502183, 0.175207, 1.44382, -0.109244, -0.242738, 
0.0653211, 0.0204321, 0.125844, -1.78251, 2.14614, 0.576791, 
0.0768522, -0.117811, -0.0238557, -0.264926, -0.0352405, -0.679434, 
-0.0399137, -0.0174985, -0.131865, 0.877401, 1.52253, -0.467616, 
-0.00362021, -0.0527719, -0.105799, -1.11738, -1.52474, 0.798765, 
-0.0205857, 0.126303, -0.180092, -0.878377, 0.556468, 0.490671, 
-0.0531434, 0.100018, -0.0505076, 1.09495, 1.13968, 1.10477, 
-0.00478231, 0.041261, -0.0636894, -2.10125, -1.96551, -1.11557, 
-0.0239461, -0.124096, 0.167645, 1.15951, -1.96794, -1.29111, 
0.128452, -0.158079, 0.0313196, -0.599594, -0.6485, -0.814019, 
0.0187553, -0.00800523, 0.0322121, -1.9124, -1.18768, 0.81833, 
0.0131245, -0.0504213, -0.0596277, -0.809129, -0.990879, 0.659793, 
0.0333072, 0.0479442, 0.00462972, 1.37906, -1.04217, 0.871252


PDD:
Final linear positions are: 
0.260626, 0.138575, 1.28991, 
-1.0384, 0.181934, 0.169884, 
-0.810982, 0.102009, 0.131623, 
0.262863, 0.367471, 0.895648, 
-0.134062, 0.164548, -0.873704, 
-0.681734, 0.154787, -0.174476, 
0.189205, 0.19166, -0.68296, 
-0.438184, 0.124456, -0.846011, 
0.855077, 0.182284, -1.40703, 
0.758177, 0.193866, -0.276996, 
-1.20534, 0.194228, -0.64321, 
-2.38396, 0.192049, -0.286311, 
-1.42715, 0.158988, -1.38646, 
-0.194991, 0.182685, 0.535559, 
0.26094, 0.138426, -0.177453, 
-1.07004, 0.148319, 0.856254, 
-1.42543, 0.158899, -0.178892, 
-0.337758, 0.161969, -1.48295, 
-1.36062, 0.124304, 0.811762, 
-0.366044, 0.0870879, -0.374738, 
-0.235079, 0.185018, 0.749469, 
-0.506548, 0.183493, -0.385652, 
0.167483, 0.136122, -0.399908, 
-0.388784, 0.202083, -0.0811312, 
0.531796, 0.103778, -0.327711, 
-0.776093, 0.186524, -1.03213, 
-0.775846, 0.161987, 0.537218, 
-1.15968, 0.118956, 0.414703, 
0.460179, 0.15423, 0.0964818, 
-0.00342203, 0.0699631, 0.606973, 
-0.458768, 0.0828136, -1.29128, 
-0.826971, 0.151054, 0.0464255, 
-0.53172, 0.0750834, -0.126779, 
0.474467, 0.126368, -0.890802, 
-0.688304, 0.160033, 0.54836, 
-0.569212, 0.199525, -0.657905, 
-0.477459, 0.0689208, 0.032058, 
1.03057, 0.110418, -0.596902, 
-0.0385158, 0.407041, 0.940351, 
0.186804, 0.179926, -0.213421, 
-0.839164, 0.0985266, 1.31367, 
0.38377, 0.201993, 0.770666, 
0.165275, 0.158085, -0.971638, 
-1.03619, 0.136722, -1.66263, 
-0.305029, 0.114147, -0.343619, 
0.655469, 0.19143, -0.668407, 
0.11673, 0.105341, -0.0892392, 
-0.726868, 0.185752, -1.01934, 
-0.653374, 0.136836, -0.0672592, 
0.338167, 0.181156, -0.0988221, 
-0.579683, 0.186236, -0.246677, 
1.34044, 0.112326, -1.61904, 
-0.896687, 0.173992, 0.0780432, 
1.04797, 0.137445, 1.47672, 
0.527622, 0.202867, -0.578359, 
-0.530035, 0.094329, -0.134954, 
-0.300877, 0.126232, 0.146752, 
-0.546632, 0.164744, 0.142189, 
-0.505054, 0.104266, -0.649554, 
-0.815921, 0.106271, 0.130309, 
0.799617, 0.110856, 0.729785, 
-0.850498, 0.0732609, 0.038191, 
0.287431, 0.0834395, -0.665816, 
-0.316359, 0.07384, -0.38611, 
1.15322, 0.125154, -0.852178, 
-0.0627707, 0.176428, 0.33437, 
-1.65749, 0.174825, 0.810751, 
-0.227561, 0.186325, 0.0854562, 
1.37052, 0.0761065, 1.22837, 
-0.11465, 0.451285, -0.770074, 
-0.0918863, 0.203639, -1.2239, 
0.492618, 0.161975, -0.875796, 
-0.756412, 0.149675, -1.36139, 
-1.58671, 0.0635476, -0.563653, 
-1.58368, 0.190386, -1.51578, 
-0.499974, 0.153397, -0.474092, 
1.27211, 0.153086, 0.899033, 
0.765143, 0.0924364, -0.395185, 
-0.955283, 0.1931, -0.348118, 
-0.114384, 0.120278, 1.33575, 
-0.433859, 0.111355, 0.462978, 
-0.727479, 0.0620145, -0.443857, 
-0.997409, 0.192033, 0.970395, 
1.64682, 0.189958, -0.147419, 
-0.4696, 0.185711, -0.00875073, 
-1.2349, 0.169202, -1.3881, 
-1.09016, 0.101681, -0.886826, 
-1.51623, 0.161026, 1.27791, 
0.535943, 0.122291, 0.11426, 
1.41432, 0.193232, 0.718732, 
0.60544, 0.248292, -0.183917, 
0.262385, 0.17048, 0.438122, 
-0.805667, 0.069447, -0.817189, 
-0.0655706, 0.142634, -0.245472, 
0.405874, 0.216309, -0.888731, 
-0.471649, 0.137978, -1.03294, 
-0.322523, 0.151045, -0.315654, 
0.354296, 0.188147, -0.125941, 
0.721092, 0.210561, -0.990561, 
-0.0933643, 0.183878, -0.158587, 
 
All end orientation in quaternion in w x y z: 
0.21688, 0.0857643, -0.545021, -0.805332, 
0.348517, -0.540104, -0.680891, -0.351013, 
0.670223, -0.73045, 0.0803741, 0.10385, 
0.174538, -0.720965, -0.664244, 0.0923359, 
0.337825, 0.918567, -0.0272909, 0.203379, 
0.998368, 0.00803638, 0.00755023, 0.0560277, 
0.352171, 0.0473956, 0.0285253, -0.9343, 
0.44487, -0.806425, 0.23747, 0.308832, 
0.856996, -0.128364, 0.380883, -0.322504, 
0.0967645, -0.863794, -0.112597, -0.481476, 
0.960491, -0.212203, 0.174228, -0.0455098, 
0.852104, -0.222808, 0.280665, -0.381448, 
0.595294, 0.0738488, 0.461402, -0.653666, 
0.246845, -0.227871, 0.915359, -0.221947, 
0.680376, -0.459201, 0.483759, 0.303645, 
0.152096, 0.238795, -0.859658, 0.425244, 
0.257681, 0.64476, 0.653242, -0.301928, 
0.0502525, -0.677687, 0.718073, -0.150286, 
0.748219, -0.213056, 0.600613, 0.184496, 
0.630231, -0.733192, -0.143036, -0.211612, 
0.373102, 0.814151, -0.289261, 0.338054, 
0.191299, 0.611012, -0.259915, -0.72285, 
0.466855, 0.136085, -0.800796, 0.349647, 
0.718018, 0.104517, -0.660909, -0.191639, 
0.69387, 0.467093, -0.379608, 0.395305, 
0.574944, -0.300171, -0.325306, -0.688123, 
0.62407, -0.389624, 0.21366, 0.642712, 
0.023464, -0.113445, -0.48445, -0.867115, 
0.114384, 0.127668, -0.467652, -0.867133, 
0.653506, -0.669322, 0.288279, 0.204531, 
0.317183, 0.287256, -0.708087, 0.561686, 
0.518495, 0.805105, 0.2879, -0.00908724, 
0.236948, 0.272991, -0.633477, 0.684133, 
0.14234, 0.780253, 0.123678, -0.596362, 
0.0355465, -0.462566, -0.452435, -0.761624, 
0.141712, 0.925244, 0.181319, 0.301604, 
0.7196, -0.69379, 0.0288072, 0.00071652, 
0.456081, -0.599963, -0.35504, -0.553156, 
0.938409, -0.264719, -0.181286, 0.128247, 
0.121374, -0.990748, 0.0509855, -0.0329843, 
0.785082, 0.579976, -0.114059, 0.185106, 
0.181132, 0.753196, 0.319979, 0.545436, 
0.9059, 0.388554, -0.00578135, -0.168336, 
0.163735, 0.617288, 0.283549, -0.715365, 
0.804778, 0.554422, 0.12329, -0.172478, 
0.525333, -0.233646, 0.756326, -0.312099, 
0.105201, -0.221874, 0.528223, 0.812826, 
0.419886, 0.183012, -0.0373662, -0.888147, 
0.59786, 0.647948, 0.274749, -0.383719, 
0.211054, -0.20585, -0.390036, 0.872327, 
0.167112, 0.810989, -0.418913, -0.37267, 
0.79077, 0.582917, 0.18185, -0.0426831, 
0.493633, -0.173945, 0.488879, -0.697901, 
0.523226, -0.362558, -0.437083, -0.635409, 
0.332906, -0.05198, 0.152879, -0.929032, 
0.664626, 0.569711, 0.391509, -0.283588, 
0.693107, 0.655505, -0.0291129, 0.298442, 
0.16143, -0.884946, 0.116759, -0.420925, 
0.525581, 0.775539, -0.211051, 0.278858, 
0.18614, -0.356864, 0.580266, 0.708019, 
0.565154, 0.351916, 0.570469, -0.480959, 
0.226683, -0.184099, -0.716423, -0.63361, 
0.535106, -0.586989, 0.348209, 0.497852, 
0.216677, -0.193245, 0.675238, 0.678057, 
0.943554, -0.26723, -0.186473, -0.0593513, 
0.563462, 0.695384, 0.135762, 0.424876, 
0.218451, 0.755159, 0.616261, 0.0472848, 
0.083662, -0.35961, 0.882431, -0.291541, 
0.0651298, 0.0435539, 0.688349, -0.721136, 
0.424209, 0.562198, -0.704634, -0.0864368, 
0.816037, -0.290037, -0.254762, 0.430184, 
0.796882, -0.43386, 0.339047, 0.24858, 
0.318977, 0.0919611, -0.706401, -0.625136, 
0.717579, 0.692036, 0.0540166, -0.0570029, 
0.796495, -0.0669015, -0.599632, 0.0395106, 
0.96823, 0.122836, 0.215019, 0.034772, 
0.836961, 0.462458, -0.0905509, 0.278262, 
0.574139, 0.77215, 0.168297, -0.21407, 
0.197728, -0.746121, 0.320393, -0.54914, 
0.0676091, -0.197427, -0.373759, -0.903746, 
0.0916484, 0.103262, 0.846223, -0.51463, 
0.48457, -0.461749, 0.529746, 0.520911, 
0.41246, 0.533442, -0.7364, 0.0550643, 
0.17334, -0.956784, -0.168343, 0.1618, 
0.387643, 0.12491, 0.249735, -0.8785, 
0.852737, 0.454183, -0.205906, -0.155435, 
0.693559, -0.701352, -0.0001999, -0.164564, 
0.148638, -0.266271, -0.382162, -0.87233, 
0.00226695, 0.160569, 0.337214, -0.927631, 
0.743376, 0.372145, 0.525516, 0.180923, 
0.432335, 0.170292, -0.883892, 0.0531257, 
0.0507837, -0.128648, -0.9327, -0.333078, 
0.619717, -0.672702, 0.288021, 0.283666, 
0.419514, -0.195706, 0.865015, 0.193537, 
0.27668, 0.254053, 0.614192, -0.694027, 
0.536014, -0.822027, 0.0413137, -0.187762, 
0.138501, -0.587282, -0.700451, -0.381163, 
0.274342, 0.379494, 0.880082, -0.078594, 
0.0855615, -0.955978, -0.217297, 0.177673, 
0.125029, 0.530112, 0.55658, 0.627349, 
 
All first contact impulses are: 
-0.118885, 0.127981, 0.0665373, 1.47158, 0.615754, 1.44496, 
0.0541897, 0.0218103, -0.0920556, -1.79777, 0.730363, -0.88524, 
-0.0484178, 0.0665486, -0.00234977, -2.24418, -1.6791, -1.31229, 
-0.0759626, -0.112001, 0.0154302, -0.775601, 0.671621, 1.05671, 
-0.0898788, 0.0287578, 0.173762, -1.58143, 0.016851, -0.820789, 
0.0391602, 0.00623168, -0.0869686, 2.13544, -0.980202, 0.89131, 
-0.000607074, -0.00351159, 0.00795799, 1.91548, 1.3524, 0.74289, 
0.0602922, 0.00719336, 0.138352, -0.165828, 1.04576, 0.0178932, 
-0.00295818, 0.0033936, -0.00290563, -2.79432, 2.35119, 0.0111805, 
-0.075774, -0.18184, 0.143469, 0.613314, 0.512794, 0.973871, 
0.0213878, 0.0727254, -0.0799585, -1.76687, 0.765048, 0.223229, 
0.0331917, -0.0271434, -0.0327165, 0.742787, 0.767233, 0.117037, 
0.00503144, -0.0825353, -0.138817, 0.608957, 1.37041, -0.792721, 
-0.10148, 0.152758, -0.0239392, -0.384918, -0.441024, -1.18252, 
0.00466163, 0.00631985, 0.0233598, -2.18859, -1.44428, 0.82749, 
-0.034694, -0.0492219, 0.0029979, 2.3462, -1.72982, -1.24948, 
-0.0199799, 0.0431136, 0.0296699, -2.32326, -1.51592, 0.638293, 
-0.0198299, 0.0092398, 0.0664612, -0.901757, 1.10287, -0.422383, 
-0.0321212, -0.065283, 0.0405496, 0.463497, -0.612512, -0.618958, 
0.0388517, -0.0638513, -0.0191142, -1.48296, -1.20857, 1.02298, 
0.0812161, -0.075772, -0.065455, 2.26968, 2.09476, 0.391269, 
0.0241576, -0.015822, 0.0313461, -0.944099, -0.483676, 0.483455, 
0.0862232, -0.0480831, -0.128045, 1.79631, 2.16488, 0.396654, 
0.00713803, 0.0680105, 0.107496, -1.55592, 1.86932, -1.07936, 
-0.03367, -0.010983, 0.0643986, -1.98091, 1.87836, -0.715344, 
0.0278878, 0.0948276, 0.106071, 0.0150326, 0.698281, -0.628218, 
0.0387924, 0.0838926, 0.0565195, 0.906762, -1.02485, 0.898843, 
0.0292068, 0.0467421, 0.158056, 1.61115, 0.12132, -0.333599, 
-0.101162, 0.153987, -0.0293045, 0.227783, 0.362407, 1.11802, 
0.00696927, -0.0175824, -0.0380153, 0.425275, 0.891969, -1.56413, 
0.0341014, 0.00790956, -0.0699957, -1.60297, 0.71225, -0.70047, 
-0.107916, -0.103632, -0.086975, -1.28145, 0.354513, 1.16757, 
0.00226118, -0.0166864, -0.0190303, -0.284645, -0.923374, -1.62755, 
-0.0708862, -0.0127851, -0.15386, -2.35365, 0.700445, 1.02617, 
-0.00994362, 0.00294543, -0.00494022, -2.37473, -1.57716, 0.1631, 
0.0220273, 0.0594753, 0.054219, -1.71506, 1.62262, -1.08316, 
0.0324197, -0.00861082, -0.0645137, 1.23455, 1.33311, 0.442455, 
-0.0491121, -0.0419971, 0.0471993, -0.922456, 0.98348, -0.084757, 
0.0402316, 0.0731152, 0.0316024, -0.557468, 0.612939, -0.708408, 
0.00145467, -0.0191835, 0.0383942, 1.40138, -1.26001, -0.682655, 
-0.0270471, -0.00156053, 0.0703466, -2.35888, -1.26223, -0.934949, 
-0.0423925, 0.0905357, 0.0614982, 1.24646, 0.509024, 0.109852, 
0.071109, -0.0396787, 0.106077, 2.00288, 0.758606, -1.05887, 
-0.0859142, -0.0950287, -0.0405525, -1.46492, 0.80301, 1.22184, 
0.00420517, 0.0184379, -0.0227746, -1.91071, 1.23057, 0.643453, 
0.0756981, -0.0438331, -0.111174, -1.68583, -1.95823, -0.375793, 
0.0312727, 0.0541365, 0.0197198, 1.48857, -1.20073, 0.935697, 
0.0254116, 0.0191512, -0.0285892, -1.4988, 0.919581, -0.716203, 
0.0524669, 0.104925, -0.0608191, -2.52251, 1.44007, 0.30831, 
-0.0649429, -0.124895, 0.0679014, -0.990714, 1.17621, 1.21592, 
-0.0300769, 0.0395059, 0.14692, -0.337381, 1.22549, -0.398596, 
0.0498593, -0.102999, -0.0696112, -1.37917, -1.48761, 1.21329, 
-0.0417355, -0.0613902, 0.00699803, 0.318134, -0.277369, -0.535898, 
0.0423284, -0.00829716, 0.0903798, -2.44707, -1.19025, 1.03679, 
0.0371098, 0.133802, 0.152649, 0.0139756, 1.00924, -0.888035, 
0.0840074, -0.0497958, -0.120907, -1.2429, -1.70742, -0.160373, 
-0.0165689, 0.0127939, 0.0178209, -1.17912, -0.754182, -0.554838, 
-0.0197308, -0.0377657, -0.0198165, -2.19535, 1.47646, -0.627954, 
0.0290448, -0.00255048, 0.0772825, -0.3244, 0.752693, 0.146758, 
-0.0842217, -0.136402, 0.0385969, -0.0184913, -0.244178, -0.903282, 
0.0981404, -0.118035, 0.027466, -0.0211656, -0.2016, -0.790746, 
0.0057028, 0.0233629, -0.0284741, 2.23412, -1.44739, -0.740131, 
-0.00251207, 0.00481121, -0.00238021, -2.35095, 2.09137, -0.392444, 
0.0498396, -0.0347253, -0.0606721, -1.92676, -1.82038, -0.540874, 
-0.0212025, 0.0569781, -0.0512133, 0.583261, 0.768763, 0.613826, 
0.0484614, -0.0241461, -0.165256, -1.76243, 0.180694, -0.543235, 
-0.0811636, 0.00283837, -0.198729, 0.805197, 1.91525, -0.301497, 
-0.0199887, -0.0321294, -0.110557, 1.02421, 1.49221, -0.618833, 
-0.0860602, -0.0432237, 0.136258, -0.726185, -0.377781, -0.578495, 
-0.0437373, -0.00397035, 0.116068, -1.18965, -0.099264, -0.451686, 
-0.0591773, 0.0118758, 0.172017, -0.524394, 1.53242, -0.286198, 
0.0246023, 0.00220001, -0.057152, 2.11228, -1.17458, 0.864062, 
-0.012509, 0.00301559, -0.00288248, -0.41608, -0.183767, -1.01719, 
0.050174, -0.0967362, -0.0525298, -1.72096, -1.62469, 1.34817, 
-0.0507723, -0.0417455, -0.0501152, -1.67237, 0.893653, 0.949895, 
-0.0810429, -0.0802048, 0.0571704, -1.15512, 1.22299, 0.0782898, 
0.0183156, -0.0153487, -0.0176551, -2.21142, -1.739, -0.782336, 
-0.00649557, 0.0533501, -0.114371, -2.05217, 0.745483, 0.464293, 
0.0728511, 0.00884344, 0.167636, -0.557865, -0.739719, 0.281459, 
-0.0138571, 0.0408964, -0.0394288, 0.741768, 0.799737, 0.568813, 
-0.0331443, -0.00432692, -0.0904318, -1.27391, -1.51775, 0.539523, 
-0.0514142, 0.0331978, -0.0676923, -1.35522, -1.44585, 0.32025, 
0.0744533, -0.12786, -0.0482677, -0.332316, 0.0781027, -0.719493, 
0.0566907, 0.0912603, 0.0262776, -0.987782, 0.902631, -1.00375, 
0.0907886, -0.0520693, -0.133024, 1.31359, 1.83949, 0.176494, 
-0.0112861, 0.00237617, -0.00507328, 1.90198, -1.23295, 0.1521, 
0.114773, 0.0779793, -0.157177, -1.19946, -0.183407, -0.966856, 
0.0390238, 0.0319237, 0.156735, 1.33998, -0.0684876, -0.319678, 
0.0726958, 0.0351429, 0.120637, -1.59575, 1.92859, 0.399777, 
0.0863299, -0.126587, -0.0166167, -0.344164, -0.140563, -0.717244, 
-0.0418909, -0.00857007, -0.120926, 0.819261, 1.40526, -0.383399, 
-0.0085393, -0.0390912, -0.0913692, -1.03354, -1.3632, 0.67982, 
-0.0282029, 0.110122, -0.132137, -0.674987, 0.387069, 0.466648, 
-0.071401, 0.114804, -0.0321284, 1.26587, 1.14267, 1.26987, 
-0.0139509, 0.0471567, -0.0519123, -2.04086, -1.84135, -1.12421, 
-0.04515, -0.124231, 0.117693, 1.22794, -1.70164, -1.3251, 
0.146042, -0.175594, 0.0432002, -0.446758, -0.616072, -0.993813, 
0.0266226, -0.0198098, 0.0304836, -1.82147, -1.1378, 0.851364, 
0.0198775, -0.0576204, -0.0569094, -0.806416, -0.958521, 0.688829, 
0.0498284, 0.0641361, -0.00650176, 1.2401, -0.870686, 0.915086